,ts_code,trade_date,open,high,low,close,pre_close,change,pct_chg,vol,amount
948,603188.SH,20140909,24.59,29.51,24.59,29.51,20.49,9.02,44.02,1873.0,5512.458
947,603188.SH,20140910,32.46,32.46,32.46,32.46,29.51,2.95,10.0,842.32,2734.171
946,603188.SH,20140911,35.71,35.71,35.71,35.71,32.46,3.25,10.01,1078.5,3851.324
945,603188.SH,20140912,39.28,39.28,39.28,39.28,35.71,3.57,10.0,4883.11,19180.856
944,603188.SH,20140915,43.21,43.21,41.0,43.21,39.28,3.93,10.01,453861.09,1927586.23
943,603188.SH,20140916,42.0,43.68,41.5,43.43,43.21,0.22,0.51,255378.97,1089012.292
942,603188.SH,20140917,43.56,46.66,42.8,42.83,43.43,-0.6,-1.38,244098.96,1078938.293
941,603188.SH,20140918,41.59,42.26,40.78,41.08,42.83,-1.75,-4.09,160053.52,661403.251
940,603188.SH,20140919,41.3,41.78,40.92,41.43,41.08,0.35,0.85,79427.17,328910.817
939,603188.SH,20140922,41.28,41.28,39.81,40.15,41.43,-1.28,-3.09,96414.62,388967.239
938,603188.SH,20140923,40.28,40.69,39.9,40.18,40.15,0.03,0.07,65859.66,264610.605
937,603188.SH,20140924,40.15,41.36,39.91,40.56,40.18,0.38,0.95,76061.0,308843.847
936,603188.SH,20140925,40.5,40.58,39.59,39.67,40.56,-0.89,-2.19,75621.23,303309.238
935,603188.SH,20140926,39.44,39.49,38.7,38.91,39.67,-0.76,-1.92,56487.18,220324.131
934,603188.SH,20140929,39.17,39.93,39.1,39.54,38.91,0.63,1.62,41311.71,163462.806
933,603188.SH,20140930,39.7,40.27,39.56,40.12,39.54,0.58,1.47,41740.47,166902.285
932,603188.SH,20141008,40.3,40.87,40.3,40.59,40.12,0.47,1.17,48745.66,197699.406
931,603188.SH,20141009,40.73,40.73,39.9,40.39,40.59,-0.2,-0.49,47340.28,190616.008
930,603188.SH,20141010,40.24,40.34,39.8,39.92,40.39,-0.47,-1.16,35831.61,143540.319
929,603188.SH,20141013,39.7,40.2,39.2,40.15,39.92,0.23,0.58,35173.48,139111.319
928,603188.SH,20141014,40.05,40.4,39.62,39.81,40.15,-0.34,-0.85,32817.17,131453.947
927,603188.SH,20141015,39.75,39.98,39.32,39.83,39.81,0.02,0.05,30363.49,120389.507
926,603188.SH,20141016,39.56,40.1,39.36,39.47,39.83,-0.36,-0.9,30894.53,122753.125
925,603188.SH,20141017,39.41,41.48,39.36,41.18,39.47,1.71,4.33,101865.81,413607.357
924,603188.SH,20141020,41.45,41.8,41.04,41.21,41.18,0.03,0.07,65346.52,270427.113
923,603188.SH,20141021,41.12,42.58,41.05,42.02,41.21,0.81,1.97,98984.44,416433.427
922,603188.SH,20141022,42.07,43.99,42.03,42.58,42.02,0.56,1.33,105908.64,455559.219
921,603188.SH,20141023,42.74,43.43,41.66,41.7,42.58,-0.88,-2.07,77251.74,328695.915
920,603188.SH,20141024,41.71,42.15,40.95,41.19,41.7,-0.51,-1.22,60556.25,251344.721
919,603188.SH,20141027,41.01,41.01,40.0,40.4,41.19,-0.79,-1.92,38275.82,155092.693
918,603188.SH,20141028,41.0,42.76,40.51,42.66,40.4,2.26,5.59,85095.43,358007.972
917,603188.SH,20141029,43.0,43.52,42.6,42.8,42.66,0.14,0.33,95920.15,412486.476
916,603188.SH,20141030,42.78,43.93,42.6,43.1,42.8,0.3,0.7,85733.26,371117.51
915,603188.SH,20141031,43.9,47.38,43.66,46.82,43.1,3.72,8.63,162060.08,745736.053
914,603188.SH,20141103,46.47,48.75,46.3,46.81,46.82,-0.01,-0.02,125927.97,599501.098
913,603188.SH,20141104,46.85,48.3,46.32,47.96,46.81,1.15,2.46,89157.21,422302.87
912,603188.SH,20141105,47.5,48.5,46.8,47.46,47.96,-0.5,-1.04,66873.63,318036.14
911,603188.SH,20141106,47.31,48.98,47.03,48.6,47.46,1.14,2.4,86517.02,416656.25
910,603188.SH,20141107,48.61,49.96,46.45,46.74,48.6,-1.86,-3.83,130352.86,629173.256
909,603188.SH,20141110,46.66,47.92,46.62,47.68,46.74,0.94,2.01,66193.0,313098.745
908,603188.SH,20141111,47.91,47.96,45.62,45.66,47.68,-2.02,-4.24,85595.86,399058.949
907,603188.SH,20141112,45.5,49.93,45.41,49.21,45.66,3.55,7.77,120687.96,577160.809
906,603188.SH,20141113,48.48,51.33,47.82,49.97,49.21,0.76,1.54,145836.61,727448.59
905,603188.SH,20141114,49.29,49.97,46.65,48.03,49.97,-1.94,-3.88,93772.25,452687.424
904,603188.SH,20141117,47.8,50.3,46.99,49.24,48.03,1.21,2.52,76991.13,378621.537
903,603188.SH,20141118,49.43,50.65,49.0,50.47,49.24,1.23,2.5,77771.26,388779.847
902,603188.SH,20141119,50.35,50.86,48.8,49.54,50.47,-0.93,-1.84,67638.1,336362.18
901,603188.SH,20141120,48.99,49.65,48.61,48.91,49.54,-0.63,-1.27,46391.65,227546.598
900,603188.SH,20141121,48.78,49.95,48.78,49.4,48.91,0.49,1.0,56819.1,280832.888
899,603188.SH,20141124,49.7,50.26,48.8,49.22,49.4,-0.18,-0.36,65264.06,322756.692
898,603188.SH,20141125,49.25,49.25,47.3,47.95,49.22,-1.27,-2.58,72270.68,347622.546
897,603188.SH,20141126,48.05,48.53,47.5,48.24,47.95,0.29,0.6,40907.94,196426.723
896,603188.SH,20141127,48.7,49.77,48.42,48.96,48.24,0.72,1.49,56954.54,279481.539
895,603188.SH,20141128,49.15,49.15,47.52,48.02,48.96,-0.94,-1.92,55314.73,266306.157
894,603188.SH,20141201,47.8,48.0,46.96,47.64,48.02,-0.38,-0.79,45284.4,214722.204
893,603188.SH,20141202,47.8,49.55,47.57,48.79,47.64,1.15,2.41,68215.96,333510.452
892,603188.SH,20141203,48.8,49.28,47.8,49.17,48.79,0.38,0.78,60863.46,295389.114
891,603188.SH,20141204,49.43,49.69,48.7,48.79,49.17,-0.38,-0.77,57281.59,280399.333
890,603188.SH,20141205,48.45,48.7,46.98,47.16,48.79,-1.63,-3.34,62705.45,298476.92
889,603188.SH,20141208,46.8,47.72,46.33,46.9,47.16,-0.26,-0.55,42374.0,198825.604
888,603188.SH,20141209,46.76,46.76,43.62,43.71,46.9,-3.19,-6.8,78274.17,352667.411
887,603188.SH,20141210,43.6,45.08,43.3,44.68,43.71,0.97,2.22,35095.17,156099.885
886,603188.SH,20141211,44.4,45.55,44.25,45.34,44.68,0.66,1.48,30452.39,137538.383
885,603188.SH,20141212,45.3,45.8,44.67,45.66,45.34,0.32,0.71,26961.67,121563.96
884,603188.SH,20141215,45.47,46.2,45.02,45.94,45.66,0.28,0.61,28383.69,130042.871
883,603188.SH,20141216,45.71,46.0,44.88,44.89,45.94,-1.05,-2.29,32442.99,146589.75
882,603188.SH,20141217,44.52,44.58,42.8,42.95,44.89,-1.94,-4.32,59022.89,256633.033
881,603188.SH,20141218,43.0,43.79,42.96,43.17,42.95,0.22,0.51,28643.18,124104.759
880,603188.SH,20141219,43.14,43.15,40.7,41.52,43.17,-1.65,-3.82,44933.49,186636.647
879,603188.SH,20141222,41.33,41.33,39.5,39.88,41.52,-1.64,-3.95,32930.05,131536.544
878,603188.SH,20141223,39.88,41.8,39.87,41.57,39.88,1.69,4.24,33992.2,140235.094
877,603188.SH,20141224,42.01,43.99,41.88,43.61,41.57,2.04,4.91,47996.94,206746.701
876,603188.SH,20141225,43.3,43.51,42.54,43.37,43.61,-0.24,-0.55,32386.21,139356.119
875,603188.SH,20141226,43.18,44.13,42.78,43.77,43.37,0.4,0.92,27298.69,118790.724
874,603188.SH,20141229,43.66,43.66,42.68,42.73,43.77,-1.04,-2.38,23722.8,102182.284
873,603188.SH,20141230,42.81,43.1,41.5,41.69,42.73,-1.04,-2.43,21637.49,90904.434
872,603188.SH,20141231,41.5,42.25,41.46,42.03,41.69,0.34,0.82,16889.4,70746.313
871,603188.SH,20150105,41.9,43.48,40.9,42.74,42.03,0.71,1.69,34359.1,145446.646
870,603188.SH,20150106,42.49,43.88,42.01,43.83,42.74,1.09,2.55,40582.99,175738.118
869,603188.SH,20150107,43.81,43.81,42.71,43.08,43.83,-0.75,-1.71,27523.22,118832.87
868,603188.SH,20150108,42.8,45.83,42.64,45.25,43.08,2.17,5.04,64990.55,288663.728
867,603188.SH,20150109,44.65,45.88,44.0,44.04,45.25,-1.21,-2.67,62434.24,281333.5
866,603188.SH,20150112,43.7,45.98,43.65,45.91,44.04,1.87,4.25,67318.57,304013.732
865,603188.SH,20150113,45.91,45.96,44.9,45.46,45.91,-0.45,-0.98,43908.57,199170.42
864,603188.SH,20150114,45.42,45.88,43.9,43.99,45.46,-1.47,-3.23,37572.1,167334.451
863,603188.SH,20150115,43.82,44.47,43.5,43.92,43.99,-0.07,-0.16,26504.6,116139.051
862,603188.SH,20150116,43.83,45.5,43.78,44.6,43.92,0.68,1.55,33126.09,148144.727
861,603188.SH,20150119,44.0,45.8,42.3,43.19,44.6,-1.41,-3.16,48870.0,216813.473
860,603188.SH,20150120,44.39,47.33,44.37,47.01,43.19,3.82,8.84,89099.02,409234.752
859,603188.SH,20150121,46.9,47.98,46.71,47.53,47.01,0.52,1.11,68469.3,323786.597
858,603188.SH,20150122,47.53,47.53,46.88,47.22,47.53,-0.31,-0.65,33465.76,157783.799
857,603188.SH,20150123,47.54,48.8,47.33,47.78,47.22,0.56,1.19,60991.8,293413.416
856,603188.SH,20150126,47.71,49.28,47.71,48.67,47.78,0.89,1.86,45989.76,223363.296
855,603188.SH,20150127,48.8,48.84,47.0,47.52,48.67,-1.15,-2.36,44533.26,212465.859
854,603188.SH,20150128,47.11,47.18,46.53,46.82,47.52,-0.7,-1.47,28569.22,133867.5
853,603188.SH,20150129,46.5,47.35,46.2,46.89,46.82,0.07,0.15,20290.94,95102.977
852,603188.SH,20150130,46.82,47.28,46.01,46.09,46.89,-0.8,-1.71,17547.11,81742.601
851,603188.SH,20150202,45.78,45.99,45.24,45.39,46.09,-0.7,-1.52,16526.79,75389.007
850,603188.SH,20150203,45.5,46.46,45.39,46.39,45.39,1.0,2.2,21171.76,97297.562
849,603188.SH,20150204,46.5,46.65,45.05,45.07,46.39,-1.32,-2.85,32077.2,146374.089
848,603188.SH,20150205,45.51,45.8,44.75,45.02,45.07,-0.05,-0.11,23202.32,104873.593
847,603188.SH,20150206,44.95,44.95,43.65,43.71,45.02,-1.31,-2.91,22100.2,97620.364
846,603188.SH,20150209,43.4,44.2,43.35,43.75,43.71,0.04,0.09,10285.85,45200.228
845,603188.SH,20150210,43.62,44.07,43.53,43.96,43.75,0.21,0.48,13714.97,60020.146
844,603188.SH,20150211,43.98,44.2,43.79,43.96,43.96,0.0,0.0,16712.7,73498.619
843,603188.SH,20150212,43.96,46.32,43.96,45.63,43.96,1.67,3.8,35413.16,160016.364
842,603188.SH,20150213,45.83,46.3,45.5,45.87,45.63,0.24,0.53,31259.2,143838.702
841,603188.SH,20150216,45.92,47.18,45.92,46.78,45.87,0.91,1.98,26758.32,125262.378
840,603188.SH,20150217,46.75,47.08,46.18,46.98,46.78,0.2,0.43,23425.87,109083.21
839,603188.SH,20150225,47.15,47.29,46.09,46.1,46.98,-0.88,-1.87,18971.79,88206.219
838,603188.SH,20150226,46.15,47.08,45.8,46.92,46.1,0.82,1.78,19708.74,91749.256
837,603188.SH,20150227,46.95,47.0,46.57,46.7,46.92,-0.22,-0.47,17487.76,81696.104
836,603188.SH,20150302,46.97,47.94,46.8,47.84,46.7,1.14,2.44,33601.48,159111.253
835,603188.SH,20150303,47.55,48.59,47.16,47.31,47.84,-0.53,-1.11,46223.98,221664.585
834,603188.SH,20150304,47.2,47.57,46.92,47.41,47.31,0.1,0.21,23921.15,112984.402
833,603188.SH,20150305,47.2,47.38,46.5,47.28,47.41,-0.13,-0.27,25489.94,119508.472
832,603188.SH,20150306,47.71,50.85,47.33,50.52,47.28,3.24,6.85,75250.08,369446.024
831,603188.SH,20150309,50.51,52.44,50.07,50.76,50.52,0.24,0.48,63674.87,325526.624
830,603188.SH,20150310,50.85,52.16,50.22,51.38,50.76,0.62,1.22,43731.28,224859.848
829,603188.SH,20150311,51.0,51.34,49.8,50.15,51.38,-1.23,-2.39,34736.48,175220.461
828,603188.SH,20150312,50.06,53.98,50.05,52.33,50.15,2.18,4.35,63303.27,331347.063
827,603188.SH,20150313,52.96,53.97,51.85,52.8,52.33,0.47,0.9,36022.77,189926.181
826,603188.SH,20150316,53.0,53.6,52.78,53.53,52.8,0.73,1.38,38864.2,206897.334
825,603188.SH,20150317,53.55,54.96,53.03,54.72,53.53,1.19,2.22,50504.71,272609.124
824,603188.SH,20150318,54.93,56.98,54.42,56.47,54.72,1.75,3.2,46407.17,260256.638
823,603188.SH,20150319,56.38,57.85,55.6,57.64,56.47,1.17,2.07,50528.9,286084.339
822,603188.SH,20150320,57.11,58.48,56.2,58.12,57.64,0.48,0.83,36684.94,211933.985
821,603188.SH,20150323,58.31,63.63,58.31,62.3,58.12,4.18,7.19,63280.89,388969.661
820,603188.SH,20150324,61.9,67.5,61.02,67.32,62.3,5.02,8.06,98817.58,636634.191
819,603188.SH,20150325,69.06,71.88,65.65,65.79,67.32,-1.53,-2.27,158982.17,1087419.894
818,603188.SH,20150326,65.8,65.95,61.88,61.99,65.79,-3.8,-5.78,100927.04,636072.674
817,603188.SH,20150327,61.7,62.97,61.58,62.34,61.99,0.35,0.56,48634.14,303059.534
816,603188.SH,20150330,62.21,63.58,61.79,62.1,62.34,-0.24,-0.39,55123.66,343968.991
815,603188.SH,20150331,62.11,62.53,61.41,61.88,62.1,-0.22,-0.35,47096.24,291790.762
814,603188.SH,20150401,61.8,65.59,61.52,64.53,61.88,2.65,4.28,73210.48,468786.048
813,603188.SH,20150402,64.75,66.5,63.8,65.04,64.53,0.51,0.79,51957.77,338372.571
812,603188.SH,20150403,64.7,65.67,64.02,65.57,65.04,0.53,0.81,54183.22,353323.355
811,603188.SH,20150407,66.16,69.97,66.12,69.89,65.57,4.32,6.59,73574.17,505244.126
810,603188.SH,20150408,71.02,71.85,67.07,68.54,69.89,-1.35,-1.93,71299.92,492607.333
809,603188.SH,20150409,68.99,69.34,64.78,67.97,68.54,-0.57,-0.83,57279.34,383236.91
808,603188.SH,20150410,67.58,69.79,67.02,69.14,67.97,1.17,1.72,50350.65,347195.234
807,603188.SH,20150413,69.7,70.7,68.72,69.3,69.14,0.16,0.23,52370.7,365305.511
806,603188.SH,20150414,69.32,69.5,66.88,67.31,69.3,-1.99,-2.87,50560.87,342454.569
805,603188.SH,20150415,67.27,67.27,63.6,63.69,67.31,-3.62,-5.38,47613.22,310588.321
804,603188.SH,20150416,62.52,65.46,61.87,64.38,63.69,0.69,1.08,35723.24,228391.793
803,603188.SH,20150417,65.41,66.29,64.51,65.56,64.38,1.18,1.83,36730.95,240144.196
802,603188.SH,20150420,65.45,65.51,62.8,63.41,65.56,-2.15,-3.28,38817.09,248590.455
801,603188.SH,20150421,63.3,67.27,63.2,66.88,63.41,3.47,5.47,39940.12,261842.712
800,603188.SH,20150422,67.25,69.65,67.25,67.94,66.88,1.06,1.58,47037.39,321543.301
799,603188.SH,20150423,67.96,67.99,66.0,66.72,67.94,-1.22,-1.8,39662.67,264836.739
798,603188.SH,20150424,65.42,65.85,64.38,65.3,66.72,-1.42,-2.13,35120.65,228581.459
797,603188.SH,20150427,65.78,67.55,65.23,66.49,65.3,1.19,1.82,39264.92,260288.079
796,603188.SH,20150428,66.22,66.22,63.0,63.32,66.49,-3.17,-4.77,48672.96,312817.68
795,603188.SH,20150429,63.43,65.08,63.43,64.35,63.32,1.03,1.63,26989.62,173531.513
794,603188.SH,20150430,66.2,67.0,65.36,66.29,64.35,1.94,3.01,47344.85,314255.663
793,603188.SH,20150504,67.03,70.5,66.11,70.0,66.29,3.71,5.6,64737.36,445467.115
792,603188.SH,20150505,70.1,70.1,66.78,67.24,70.0,-2.76,-3.94,48071.76,326226.309
791,603188.SH,20150506,67.25,69.5,67.25,68.28,67.24,1.04,1.55,49462.98,339194.552
790,603188.SH,20150507,68.53,68.98,64.88,65.9,68.28,-2.38,-3.49,42235.16,278949.648
789,603188.SH,20150508,33.0,33.68,31.68,32.19,32.45,-0.26,-0.8,47053.12,152367.113
788,603188.SH,20150511,32.0,33.47,30.78,33.41,32.19,1.22,3.79,166097.67,535056.032
787,603188.SH,20150512,33.3,36.28,32.91,35.69,33.41,2.28,6.82,198812.47,679314.949
786,603188.SH,20150513,35.0,36.4,34.51,34.83,35.69,-0.86,-2.41,152509.97,539714.316
785,603188.SH,20150514,34.65,35.49,34.3,34.56,34.83,-0.27,-0.78,97579.86,338767.672
784,603188.SH,20150515,34.89,34.99,33.5,34.04,34.56,-0.52,-1.5,101433.1,345646.495
783,603188.SH,20150518,33.91,35.99,33.4,35.93,34.04,1.89,5.55,173505.25,609264.542
782,603188.SH,20150519,36.2,37.8,35.89,36.09,35.93,0.16,0.45,168436.3,616117.43
781,603188.SH,20150520,36.38,37.5,36.0,36.23,36.09,0.14,0.39,154660.07,570862.936
780,603188.SH,20150521,36.24,37.66,35.81,37.38,36.23,1.15,3.17,140819.7,521597.597
779,603188.SH,20150522,38.08,38.4,36.4,37.4,37.38,0.02,0.05,139460.16,519430.565
778,603188.SH,20150525,36.83,39.45,36.37,39.1,37.4,1.7,4.55,215199.81,825904.306
777,603188.SH,20150526,39.3,41.5,39.3,41.49,39.1,2.39,6.11,193040.59,779796.98
776,603188.SH,20150527,41.68,45.0,40.02,44.33,41.49,2.84,6.85,240068.74,1022630.385
775,603188.SH,20150528,43.91,47.75,41.75,42.19,44.33,-2.14,-4.83,290411.12,1322681.764
774,603188.SH,20150529,41.53,43.24,38.7,40.54,42.19,-1.65,-3.91,193276.78,792343.274
773,603188.SH,20150601,40.8,41.87,39.6,41.84,40.54,1.3,3.21,145304.45,595051.864
772,603188.SH,20150602,41.85,43.0,40.16,42.65,41.84,0.81,1.94,163311.21,678484.713
771,603188.SH,20150603,42.73,42.73,40.8,40.99,42.65,-1.66,-3.89,114562.39,475871.034
770,603188.SH,20150604,41.1,41.44,37.0,39.26,40.99,-1.73,-4.22,143532.56,558223.048
769,603188.SH,20150605,39.6,40.72,38.64,39.57,39.26,0.31,0.79,110550.19,439724.673
768,603188.SH,20150608,39.64,40.64,38.9,39.83,39.57,0.26,0.66,107698.46,428751.213
767,603188.SH,20150609,39.89,40.5,39.55,40.19,39.83,0.36,0.9,92625.33,370945.628
766,603188.SH,20150610,40.1,41.7,38.88,41.19,40.19,1.0,2.49,124588.51,503809.352
765,603188.SH,20150611,41.19,42.17,40.8,41.94,41.19,0.75,1.82,136969.32,569932.952
764,603188.SH,20150612,41.94,42.1,40.5,40.83,41.94,-1.11,-2.65,108343.81,445076.448
763,603188.SH,20150615,40.6,40.6,38.39,38.45,40.83,-2.38,-5.83,126044.01,492921.305
762,603188.SH,20150616,38.0,38.0,35.95,35.98,38.45,-2.47,-6.42,95660.91,351755.148
761,603188.SH,20150617,35.8,36.78,34.76,36.68,35.98,0.7,1.95,75039.35,269155.252
760,603188.SH,20150618,36.1,37.08,34.35,34.39,36.68,-2.29,-6.24,66171.89,237314.396
759,603188.SH,20150619,33.8,33.8,30.95,30.95,34.39,-3.44,-10.0,88665.03,285602.104
758,603188.SH,20150623,30.95,31.49,28.55,31.35,30.95,0.4,1.29,86483.18,263181.032
757,603188.SH,20150624,32.0,32.86,31.41,32.45,31.35,1.1,3.51,98457.94,317428.089
756,603188.SH,20150625,32.45,32.75,30.0,30.52,32.45,-1.93,-5.95,72833.36,229736.206
755,603188.SH,20150626,29.88,29.88,27.47,27.69,30.52,-2.83,-9.27,101194.07,288052.994
754,603188.SH,20150629,28.99,28.99,24.92,26.05,27.69,-1.64,-5.92,119675.93,321754.976
753,603188.SH,20150630,26.09,28.66,25.09,28.66,26.05,2.61,10.02,113761.94,305979.987
752,603188.SH,20150701,29.0,30.08,27.77,27.8,28.66,-0.86,-3.0,125023.13,365264.612
751,603188.SH,20150702,28.3,28.88,27.0,27.85,27.8,0.05,0.18,104958.83,294292.11
750,603188.SH,20150703,27.49,29.5,25.46,27.93,27.85,0.08,0.29,115666.43,319106.037
749,603188.SH,20150706,30.7,30.72,25.8,29.46,27.93,1.53,5.48,167108.1,485578.012
748,603188.SH,20150707,28.56,29.28,26.51,26.52,29.46,-2.94,-9.98,134562.26,368455.174
747,603188.SH,20150708,23.87,26.49,23.87,25.13,26.52,-1.39,-5.24,248235.93,617768.639
746,603188.SH,20150709,25.13,27.64,25.13,27.64,25.13,2.51,9.99,85739.61,231672.727
745,603188.SH,20150710,29.02,30.4,29.01,30.4,27.64,2.76,9.99,134506.89,405735.718
744,603188.SH,20150713,31.0,33.44,30.05,33.44,30.4,3.04,10.0,210676.69,674880.71
743,603188.SH,20150714,32.5,33.72,31.3,31.49,33.44,-1.95,-5.83,179326.03,578883.179
742,603188.SH,20150715,30.6,30.99,28.34,28.34,31.49,-3.15,-10.0,111448.48,328727.87
741,603188.SH,20150716,28.34,30.02,27.18,29.39,28.34,1.05,3.71,76786.14,223466.445
740,603188.SH,20150717,29.45,31.45,29.45,31.16,29.39,1.77,6.02,69494.84,213421.051
739,603188.SH,20150720,31.4,31.85,29.88,30.66,31.16,-0.5,-1.6,91844.06,284166.153
738,603188.SH,20150721,30.01,31.15,29.68,30.98,30.66,0.32,1.04,55018.79,168169.043
737,603188.SH,20150722,30.85,31.65,30.49,31.48,30.98,0.5,1.61,79471.68,247341.577
736,603188.SH,20150723,31.6,32.98,31.26,32.5,31.48,1.02,3.24,116088.15,373769.504
735,603188.SH,20150724,32.97,32.97,30.91,31.02,32.5,-1.48,-4.55,116451.1,372238.713
734,603188.SH,20150727,30.83,32.09,28.36,28.47,31.02,-2.55,-8.22,115093.77,353608.071
733,603188.SH,20150728,27.9,30.5,27.02,30.0,28.47,1.53,5.37,121517.63,353670.825
732,603188.SH,20150729,30.39,32.98,30.39,32.92,30.0,2.92,9.73,119556.97,376296.145
731,603188.SH,20150806,32.0,32.5,30.0,30.67,32.92,-2.25,-6.83,73745.0,230590.574
730,603188.SH,20150807,30.65,31.46,30.65,30.99,30.67,0.32,1.04,56232.24,173935.346
729,603188.SH,20150810,31.15,32.47,30.7,32.11,30.99,1.12,3.61,90429.03,287310.651
728,603188.SH,20150811,32.1,32.72,31.5,32.69,32.11,0.58,1.81,90500.26,290388.324
727,603188.SH,20150812,32.48,32.48,31.3,31.45,32.69,-1.24,-3.79,60027.95,191943.888
726,603188.SH,20150813,31.03,31.69,30.57,31.55,31.45,0.1,0.32,44883.26,140162.557
725,603188.SH,20150814,31.75,31.95,30.76,30.81,31.55,-0.74,-2.35,65172.93,203355.626
724,603188.SH,20150817,30.58,30.6,30.0,30.42,30.81,-0.39,-1.27,50370.32,152794.426
723,603188.SH,20150818,30.49,31.19,27.39,27.88,30.42,-2.54,-8.35,66537.33,198519.509
722,603188.SH,20150819,27.54,29.66,27.0,29.57,27.88,1.69,6.06,63637.58,180306.994
721,603188.SH,20150820,29.43,29.43,27.95,27.99,29.57,-1.58,-5.34,35127.99,101156.506
720,603188.SH,20150821,27.67,28.39,26.3,26.64,27.99,-1.35,-4.82,43360.84,118457.487
719,603188.SH,20150824,25.5,25.5,23.98,23.98,26.64,-2.66,-9.99,41571.0,100693.965
718,603188.SH,20150825,21.58,22.44,21.58,21.58,23.98,-2.4,-10.01,47141.59,102254.808
717,603188.SH,20150826,21.58,22.5,20.0,20.04,21.58,-1.54,-7.14,72478.57,153448.648
716,603188.SH,20150827,20.68,21.98,19.6,20.93,20.04,0.89,4.44,45708.98,94600.787
715,603188.SH,20150828,21.44,22.4,20.71,22.18,20.93,1.25,5.97,77382.83,165764.506
714,603188.SH,20150831,21.82,21.88,20.7,20.79,22.18,-1.39,-6.27,41630.63,88347.489
713,603188.SH,20150901,20.5,20.5,18.8,18.87,20.79,-1.92,-9.24,46298.08,90149.406
712,603188.SH,20150902,18.06,19.68,17.92,19.67,18.87,0.8,4.24,58408.43,110642.786
711,603188.SH,20150907,19.8,20.48,19.8,19.84,19.67,0.17,0.86,38624.32,77871.043
710,603188.SH,20150908,19.88,20.7,19.01,20.58,19.84,0.74,3.73,40677.81,81362.889
709,603188.SH,20150909,19.88,21.72,19.88,21.24,20.58,0.66,3.21,118876.14,249279.017
708,603188.SH,20150910,20.6,20.87,20.0,20.21,21.24,-1.03,-4.85,66672.14,136789.201
707,603188.SH,20150911,20.27,20.48,19.61,20.02,20.21,-0.19,-0.94,42389.97,84849.079
706,603188.SH,20150914,20.2,20.42,18.02,18.02,20.02,-2.0,-9.99,54884.38,103226.668
705,603188.SH,20150915,17.5,17.85,16.39,16.53,18.02,-1.49,-8.27,53310.45,91504.988
704,603188.SH,20150916,17.0,18.18,16.6,18.02,16.53,1.49,9.01,70447.89,121397.087
703,603188.SH,20150917,17.79,18.19,17.3,17.4,18.02,-0.62,-3.44,62771.14,111682.688
702,603188.SH,20150918,17.4,17.77,17.24,17.51,17.4,0.11,0.63,30515.39,53235.873
701,603188.SH,20150921,17.25,18.16,17.02,18.11,17.51,0.6,3.43,49563.94,88634.336
700,603188.SH,20150922,18.31,18.6,18.03,18.22,18.11,0.11,0.61,49964.16,91452.476
699,603188.SH,20150923,17.99,18.09,17.6,17.84,18.22,-0.38,-2.09,38365.68,68579.789
698,603188.SH,20150924,17.88,18.4,17.88,18.31,17.84,0.47,2.63,47959.2,87352.542
697,603188.SH,20150925,18.27,18.27,17.61,17.74,18.31,-0.57,-3.11,35786.69,63984.239
696,603188.SH,20150928,17.79,17.98,17.4,17.97,17.74,0.23,1.3,23537.84,41835.969
695,603188.SH,20150929,17.79,17.8,17.56,17.71,17.97,-0.26,-1.45,21140.89,37389.129
694,603188.SH,20150930,17.72,17.96,17.72,17.78,17.71,0.07,0.4,15356.3,27389.375
693,603188.SH,20151008,18.35,18.94,18.15,18.75,17.78,0.97,5.46,80969.14,149918.019
692,603188.SH,20151009,18.8,18.96,18.55,18.85,18.75,0.1,0.53,60201.78,112997.8
691,603188.SH,20151012,18.87,20.1,18.87,19.92,18.85,1.07,5.68,106058.42,207403.512
690,603188.SH,20151013,19.61,20.09,19.51,20.04,19.92,0.12,0.6,65384.44,129825.888
689,603188.SH,20151014,19.98,20.03,19.52,19.66,20.04,-0.38,-1.9,70764.58,140068.009
688,603188.SH,20151015,19.5,20.54,19.33,20.47,19.66,0.81,4.12,89866.89,180543.747
687,603188.SH,20151016,20.63,20.73,20.05,20.58,20.47,0.11,0.54,87562.92,178631.632
686,603188.SH,20151019,20.65,20.73,20.04,20.17,20.58,-0.41,-1.99,78035.64,158446.368
685,603188.SH,20151020,20.18,20.6,20.03,20.57,20.17,0.4,1.98,84604.48,172141.137
684,603188.SH,20151021,20.59,20.59,18.95,19.1,20.57,-1.47,-7.15,111315.17,220820.877
683,603188.SH,20151022,19.18,19.59,18.91,19.54,19.1,0.44,2.3,70422.13,136019.999
682,603188.SH,20151023,19.7,20.4,19.43,20.2,19.54,0.66,3.38,83947.77,166419.049
681,603188.SH,20151026,20.5,20.66,20.17,20.45,20.2,0.25,1.24,97605.46,199349.294
680,603188.SH,20151027,20.2,20.68,19.48,20.65,20.45,0.2,0.98,84894.83,171012.49
679,603188.SH,20151028,20.6,21.61,20.32,20.92,20.65,0.27,1.31,141549.1,300396.62
678,603188.SH,20151029,21.0,21.59,20.8,21.11,20.92,0.19,0.91,88069.51,186654.852
677,603188.SH,20151030,21.05,21.05,20.33,20.74,21.11,-0.37,-1.75,63704.1,132260.02
676,603188.SH,20151102,20.27,21.35,19.94,20.35,20.74,-0.39,-1.88,74695.24,154526.597
675,603188.SH,20151103,20.34,21.67,20.29,21.34,20.35,0.99,4.86,132490.69,279168.907
674,603188.SH,20151104,21.66,22.44,21.33,22.41,21.34,1.07,5.01,187740.45,409718.218
673,603188.SH,20151105,22.26,22.5,21.81,22.18,22.41,-0.23,-1.03,149531.18,331853.531
672,603188.SH,20151106,22.11,23.0,22.11,22.8,22.18,0.62,2.8,118376.06,268626.743
671,603188.SH,20151109,22.68,23.36,22.41,23.22,22.8,0.42,1.84,120963.68,277686.253
670,603188.SH,20151110,22.96,23.16,22.62,22.88,23.22,-0.34,-1.46,88447.02,202715.432
669,603188.SH,20151111,22.89,23.36,22.6,23.33,22.88,0.45,1.97,104927.05,241822.334
668,603188.SH,20151112,23.45,24.94,23.31,24.58,23.33,1.25,5.36,168266.04,402890.425
667,603188.SH,20151113,24.07,24.27,23.13,23.28,24.58,-1.3,-5.29,116348.15,275783.046
666,603188.SH,20151116,22.5,23.29,22.4,23.27,23.28,-0.01,-0.04,64026.17,146632.991
665,603188.SH,20151117,23.58,23.95,22.91,22.94,23.27,-0.33,-1.42,83333.07,195500.237
664,603188.SH,20151118,22.82,23.02,22.24,22.3,22.94,-0.64,-2.79,53189.53,120737.341
663,603188.SH,20151119,22.35,22.99,22.35,22.98,22.3,0.68,3.05,51674.01,117171.008
662,603188.SH,20151120,23.1,23.7,23.0,23.37,22.98,0.39,1.7,61845.98,144721.583
661,603188.SH,20151123,23.4,24.09,23.22,23.41,23.37,0.04,0.17,76660.75,181357.088
660,603188.SH,20151124,23.27,23.68,23.03,23.65,23.41,0.24,1.03,58021.76,135188.085
659,603188.SH,20151125,23.66,23.69,23.33,23.65,23.65,0.0,0.0,117947.15,276868.102
658,603188.SH,20151126,23.58,24.5,23.51,24.05,23.65,0.4,1.69,179384.18,432158.902
657,603188.SH,20151127,23.7,23.87,21.65,21.8,24.05,-2.25,-9.36,185507.0,420651.543
656,603188.SH,20151130,21.8,21.98,20.52,21.4,21.8,-0.4,-1.83,107355.64,228425.734
655,603188.SH,20151201,21.22,21.74,21.16,21.44,21.4,0.04,0.19,69851.57,150109.048
654,603188.SH,20151202,21.31,21.5,20.6,21.24,21.44,-0.2,-0.93,64120.56,134826.524
653,603188.SH,20151203,21.36,21.83,21.25,21.76,21.24,0.52,2.45,52515.39,113308.237
652,603188.SH,20151204,21.68,22.1,21.47,21.57,21.76,-0.19,-0.87,63681.88,138530.571
651,603188.SH,20151207,21.63,21.78,21.4,21.67,21.57,0.1,0.46,45186.78,97608.802
650,603188.SH,20151208,21.51,21.54,20.81,20.95,21.67,-0.72,-3.32,63816.08,135072.664
649,603188.SH,20151209,20.95,21.13,20.78,20.98,20.95,0.03,0.14,41095.71,85956.212
648,603188.SH,20151210,20.91,21.17,20.72,20.88,20.98,-0.1,-0.48,42902.5,89924.945
647,603188.SH,20151211,20.92,21.06,20.62,20.79,20.88,-0.09,-0.43,33608.41,69843.697
646,603188.SH,20151214,20.51,21.37,20.48,21.32,20.79,0.53,2.55,47851.8,100443.039
645,603188.SH,20151215,21.38,21.65,21.07,21.31,21.32,-0.01,-0.05,47186.95,100742.956
644,603188.SH,20151216,21.36,21.63,21.3,21.4,21.31,0.09,0.42,47904.64,102911.058
643,603188.SH,20151217,21.46,22.0,21.44,21.94,21.4,0.54,2.52,84418.66,183694.783
642,603188.SH,20151218,21.93,22.2,21.7,21.81,21.94,-0.13,-0.59,68417.52,150012.524
641,603188.SH,20151221,21.75,22.5,21.75,22.38,21.81,0.57,2.61,81981.84,182236.03
640,603188.SH,20151222,22.4,22.62,22.17,22.61,22.38,0.23,1.03,67615.24,151505.287
639,603188.SH,20151223,22.58,22.75,22.07,22.1,22.61,-0.51,-2.26,66455.43,149215.306
638,603188.SH,20151224,22.1,22.3,21.58,22.02,22.1,-0.08,-0.36,54786.3,120071.559
637,603188.SH,20151225,21.98,22.28,21.98,22.24,22.02,0.22,1.0,44666.5,98844.2
636,603188.SH,20151228,22.3,22.7,21.77,21.81,22.24,-0.43,-1.93,75310.91,168090.834
635,603188.SH,20151229,21.83,22.25,21.7,22.23,21.81,0.42,1.93,39087.65,85615.766
634,603188.SH,20151230,22.25,22.84,22.25,22.8,22.23,0.57,2.56,100910.6,228256.594
633,603188.SH,20151231,22.75,22.75,22.25,22.38,22.8,-0.42,-1.84,56283.65,126494.48
632,603188.SH,20160104,22.36,22.36,20.14,20.14,22.38,-2.24,-10.01,57854.03,123207.134
631,603188.SH,20160105,19.38,20.51,19.01,19.98,20.14,-0.16,-0.79,68823.49,136226.495
630,603188.SH,20160106,19.99,20.4,19.96,20.38,19.98,0.4,2.0,61365.18,123537.767
629,603188.SH,20160107,20.0,20.0,18.34,18.34,20.38,-2.04,-10.01,15840.89,30186.509
628,603188.SH,20160108,19.2,19.3,17.81,18.91,18.34,0.57,3.11,62138.35,116494.214
627,603188.SH,20160111,18.41,18.75,17.4,17.5,18.91,-1.41,-7.46,51542.71,93690.704
626,603188.SH,20160112,17.59,17.91,17.01,17.65,17.5,0.15,0.86,33794.38,59433.657
625,603188.SH,20160113,17.91,17.98,17.02,17.09,17.65,-0.56,-3.17,33628.21,59162.972
624,603188.SH,20160114,16.65,17.72,16.63,17.67,17.09,0.58,3.39,38450.91,66269.743
623,603188.SH,20160115,17.6,17.73,16.9,17.07,17.67,-0.6,-3.4,35289.42,61098.242
622,603188.SH,20160118,17.0,17.55,16.65,17.42,17.07,0.35,2.05,36831.61,63635.595
621,603188.SH,20160119,17.21,18.08,17.21,18.06,17.42,0.64,3.67,49721.29,88192.76
620,603188.SH,20160120,17.9,18.14,17.64,17.73,18.06,-0.33,-1.83,38833.08,69399.234
619,603188.SH,20160121,17.5,17.89,17.0,17.04,17.73,-0.69,-3.89,37210.02,65040.408
618,603188.SH,20160122,17.22,17.47,16.88,17.28,17.04,0.24,1.41,27181.81,46675.094
617,603188.SH,20160125,17.5,17.74,17.3,17.51,17.28,0.23,1.33,24607.62,43122.177
616,603188.SH,20160126,17.3,17.3,16.01,16.08,17.51,-1.43,-8.17,48918.0,81721.657
615,603188.SH,20160127,16.09,16.29,15.15,15.79,16.08,-0.29,-1.8,46760.04,73509.877
614,603188.SH,20160128,15.6,15.92,15.11,15.16,15.79,-0.63,-3.99,24615.71,38309.013
613,603188.SH,20160129,15.16,15.82,15.15,15.58,15.16,0.42,2.77,42530.02,66238.09
612,603188.SH,20160201,15.69,15.74,15.14,15.39,15.58,-0.19,-1.22,28106.93,43404.113
611,603188.SH,20160202,15.4,15.96,15.2,15.9,15.39,0.51,3.31,47582.62,74995.486
610,603188.SH,20160203,15.6,15.86,15.4,15.76,15.9,-0.14,-0.88,50063.34,77974.058
609,603188.SH,20160204,15.73,16.1,15.73,16.05,15.76,0.29,1.84,53883.56,86069.67
608,603188.SH,20160205,15.96,16.08,15.88,15.92,16.05,-0.13,-0.81,47585.11,76018.081
607,603188.SH,20160215,15.34,15.77,15.26,15.65,15.92,-0.27,-1.7,27124.76,42036.27
606,603188.SH,20160216,15.69,16.48,15.66,16.34,15.65,0.69,4.41,62584.64,100818.681
605,603188.SH,20160217,16.2,16.43,16.11,16.37,16.34,0.03,0.18,57161.91,92847.473
604,603188.SH,20160218,16.46,16.69,16.35,16.4,16.37,0.03,0.18,76516.92,126356.488
603,603188.SH,20160219,16.32,16.8,16.26,16.75,16.4,0.35,2.13,73022.01,120652.167
602,603188.SH,20160429,17.0,17.98,16.85,17.36,16.75,0.61,3.64,136978.19,239710.862
601,603188.SH,20160503,17.1,17.48,16.8,17.47,17.36,0.11,0.63,97220.35,167450.247
600,603188.SH,20160504,17.31,17.4,17.11,17.27,17.47,-0.2,-1.14,66616.94,114937.924
599,603188.SH,20160505,17.16,17.26,16.91,17.2,17.27,-0.07,-0.41,54292.51,92743.83
598,603188.SH,20160506,17.1,17.27,16.36,16.37,17.2,-0.83,-4.83,70038.08,117794.439
597,603188.SH,20160509,16.42,16.43,15.64,15.81,16.37,-0.56,-3.42,55089.83,87778.198
596,603188.SH,20160510,15.65,15.88,15.65,15.75,15.81,-0.06,-0.38,28538.88,45004.416
595,603188.SH,20160511,15.92,15.95,15.53,15.73,15.75,-0.02,-0.13,30948.04,48808.341
594,603188.SH,20160512,15.5,16.19,15.2,16.18,15.73,0.45,2.86,45638.82,71581.321
593,603188.SH,20160513,16.15,17.67,16.05,17.38,16.18,1.2,7.42,114730.41,193287.484
592,603188.SH,20160516,17.5,17.85,16.92,17.69,17.38,0.31,1.78,142719.1,249570.004
591,603188.SH,20160517,17.5,17.88,17.26,17.4,17.69,-0.29,-1.64,105734.18,185339.812
590,603188.SH,20160518,17.24,17.24,16.65,17.05,17.4,-0.35,-2.01,75392.57,127952.23
589,603188.SH,20160519,17.0,17.47,16.98,17.14,17.05,0.09,0.53,74960.88,129383.838
588,603188.SH,20160520,16.87,17.47,16.75,17.44,17.14,0.3,1.75,68916.29,118611.271
587,603188.SH,20160523,17.51,17.71,17.32,17.57,17.44,0.13,0.75,80449.42,140921.18
586,603188.SH,20160524,17.5,17.54,16.95,17.11,17.57,-0.46,-2.62,54040.77,92986.564
585,603188.SH,20160525,17.28,17.46,16.92,16.96,17.11,-0.15,-0.88,45920.3,78932.76
584,603188.SH,20160526,16.92,17.1,16.38,16.9,16.96,-0.06,-0.35,53412.61,89172.891
583,603188.SH,20160527,16.92,17.03,16.61,16.8,16.9,-0.1,-0.59,43839.54,73659.067
582,603188.SH,20160530,16.7,16.7,16.36,16.46,16.8,-0.34,-2.02,34652.01,57272.275
581,603188.SH,20160531,16.58,17.58,16.55,17.56,16.46,1.1,6.68,83768.75,143803.833
580,603188.SH,20160601,17.6,17.75,17.45,17.52,17.56,-0.04,-0.23,82064.43,144159.066
579,603188.SH,20160602,17.55,18.6,17.4,18.46,17.52,0.94,5.37,143322.59,259551.081
578,603188.SH,20160603,18.36,18.5,18.11,18.38,18.46,-0.08,-0.43,94736.77,173503.208
577,603188.SH,20160606,18.39,18.49,18.14,18.31,18.38,-0.07,-0.38,67863.84,123980.584
576,603188.SH,20160607,17.8,17.8,17.32,17.63,17.81,-0.18,-1.01,73424.55,128532.742
575,603188.SH,20160608,17.54,17.76,17.32,17.63,17.63,0.0,0.0,75652.24,133119.605
574,603188.SH,20160613,17.35,17.39,16.6,16.63,17.63,-1.0,-5.67,72516.84,124121.556
573,603188.SH,20160614,16.55,16.75,16.25,16.41,16.63,-0.22,-1.32,42683.75,70020.664
572,603188.SH,20160615,16.24,17.23,16.24,17.13,16.41,0.72,4.39,64920.09,109607.235
571,603188.SH,20160616,17.12,17.21,16.92,17.08,17.13,-0.05,-0.29,44090.7,75244.117
570,603188.SH,20160617,17.08,17.56,17.06,17.25,17.08,0.17,1.0,56183.78,97479.858
569,603188.SH,20160620,17.35,17.39,16.99,17.24,17.25,-0.01,-0.06,35427.5,60831.364
568,603188.SH,20160621,17.41,17.98,17.3,17.86,17.24,0.62,3.6,111116.83,196012.771
567,603188.SH,20160622,17.89,17.89,17.51,17.87,17.86,0.01,0.06,71898.0,127457.885
566,603188.SH,20160623,17.89,18.14,17.63,17.7,17.87,-0.17,-0.95,72534.54,129483.651
565,603188.SH,20160624,17.66,17.88,16.8,17.14,17.7,-0.56,-3.16,73455.68,127271.982
564,603188.SH,20160627,17.1,17.63,17.01,17.59,17.14,0.45,2.63,50493.29,88018.896
563,603188.SH,20160628,17.47,17.79,17.43,17.77,17.59,0.18,1.02,55096.68,97272.709
562,603188.SH,20160629,17.8,18.11,17.65,17.68,17.77,-0.09,-0.51,64903.86,115988.099
561,603188.SH,20160630,17.74,18.07,17.69,17.96,17.68,0.28,1.58,63829.53,114384.374
560,603188.SH,20160701,17.92,18.04,17.71,17.84,17.96,-0.12,-0.67,41464.08,73961.914
559,603188.SH,20160704,17.75,18.67,17.71,18.47,17.84,0.63,3.53,139565.22,256556.212
558,603188.SH,20160705,18.38,18.46,18.2,18.35,18.47,-0.12,-0.65,80738.61,147872.468
557,603188.SH,20160706,18.3,18.57,18.19,18.49,18.35,0.14,0.76,65071.31,119745.829
556,603188.SH,20160707,18.45,18.46,18.03,18.29,18.49,-0.2,-1.08,58818.91,107501.694
555,603188.SH,20160708,18.28,18.38,18.07,18.25,18.29,-0.04,-0.22,40644.83,74052.054
554,603188.SH,20160711,18.26,18.6,18.13,18.17,18.25,-0.08,-0.44,72480.92,133672.122
553,603188.SH,20160712,18.12,18.45,17.86,18.41,18.17,0.24,1.32,70964.14,128872.544
552,603188.SH,20160713,18.45,18.84,18.29,18.74,18.41,0.33,1.79,103513.75,192958.237
551,603188.SH,20160714,18.6,19.97,18.6,19.93,18.74,1.19,6.35,233943.43,457193.526
550,603188.SH,20160715,20.03,20.93,20.03,20.29,19.93,0.36,1.81,287277.28,588791.251
549,603188.SH,20160718,19.66,20.1,19.01,19.33,20.29,-0.96,-4.73,213686.29,413898.691
548,603188.SH,20160719,19.32,21.26,19.23,21.26,19.33,1.93,9.98,248768.27,508418.152
547,603188.SH,20160720,20.79,21.9,20.58,21.39,21.26,0.13,0.61,257761.37,544137.333
546,603188.SH,20160721,21.39,21.55,20.78,20.91,21.39,-0.48,-2.24,141620.33,298640.171
545,603188.SH,20160722,20.81,20.82,20.15,20.35,20.91,-0.56,-2.68,100611.66,206060.292
544,603188.SH,20160725,20.4,20.85,20.11,20.8,20.35,0.45,2.21,112300.88,230516.734
543,603188.SH,20160726,20.66,20.78,20.37,20.66,20.8,-0.14,-0.67,82088.63,168957.683
542,603188.SH,20160727,20.68,20.87,19.0,19.66,20.66,-1.0,-4.84,132356.83,265978.592
541,603188.SH,20160728,19.68,20.8,19.49,20.71,19.66,1.05,5.34,145234.12,291008.091
540,603188.SH,20160729,20.9,21.38,20.5,20.53,20.71,-0.18,-0.87,188214.72,394788.235
539,603188.SH,20160801,20.4,20.42,19.4,19.63,20.53,-0.9,-4.38,103772.37,205440.307
538,603188.SH,20160802,19.53,19.89,19.16,19.84,19.63,0.21,1.07,63759.65,124932.29
537,603188.SH,20160803,19.69,19.81,19.36,19.48,19.84,-0.36,-1.81,68501.92,133725.762
536,603188.SH,20160804,19.48,19.85,19.43,19.67,19.48,0.19,0.98,55752.67,109830.701
535,603188.SH,20160805,19.66,20.05,19.55,19.83,19.67,0.16,0.81,63545.88,126077.504
534,603188.SH,20160808,19.87,19.97,19.45,19.92,19.83,0.09,0.45,57366.64,112872.541
533,603188.SH,20160809,19.89,20.55,19.63,20.42,19.92,0.5,2.51,104512.4,211046.377
532,603188.SH,20160810,20.45,20.54,20.05,20.1,20.42,-0.32,-1.57,87851.56,177582.344
531,603188.SH,20160811,20.17,20.17,19.27,19.28,20.1,-0.82,-4.08,101896.07,199423.064
530,603188.SH,20160812,19.19,19.8,19.11,19.65,19.28,0.37,1.92,68088.16,132955.728
529,603188.SH,20160815,19.63,20.14,19.48,19.99,19.65,0.34,1.73,67899.94,134887.075
528,603188.SH,20160816,19.98,20.14,19.77,19.9,19.99,-0.09,-0.45,54008.47,107602.05
527,603188.SH,20160817,19.98,20.34,19.6,20.25,19.9,0.35,1.76,75248.06,150414.326
526,603188.SH,20160818,20.2,20.53,19.75,19.78,20.25,-0.47,-2.32,77853.05,156582.497
525,603188.SH,20160819,19.73,19.8,19.35,19.44,19.78,-0.34,-1.72,69461.7,135211.873
524,603188.SH,20160822,19.35,19.57,19.32,19.39,19.44,-0.05,-0.26,31189.94,60597.702
523,603188.SH,20160823,19.47,19.54,19.23,19.36,19.39,-0.03,-0.15,32833.23,63609.003
522,603188.SH,20160824,19.39,19.47,19.23,19.27,19.36,-0.09,-0.46,39287.15,75969.414
521,603188.SH,20160825,19.16,19.21,18.93,19.19,19.27,-0.08,-0.42,46930.08,89519.771
520,603188.SH,20160826,19.18,19.44,19.15,19.22,19.19,0.03,0.16,43579.88,84048.525
519,603188.SH,20160829,19.25,19.44,19.21,19.39,19.22,0.17,0.88,29701.9,57438.87
518,603188.SH,20160830,19.39,19.63,19.35,19.42,19.39,0.03,0.15,36049.53,70271.408
517,603188.SH,20160831,19.45,19.54,19.24,19.44,19.42,0.02,0.1,29822.25,57734.735
516,603188.SH,20160901,19.54,19.54,18.97,18.98,19.44,-0.46,-2.37,54132.46,103777.106
515,603188.SH,20160902,18.88,18.93,18.3,18.31,18.98,-0.67,-3.53,88334.82,164128.446
514,603188.SH,20160905,18.46,18.55,18.32,18.42,18.31,0.11,0.6,37390.0,68974.756
513,603188.SH,20160906,18.54,18.73,18.2,18.71,18.42,0.29,1.57,38619.03,71519.642
512,603188.SH,20160907,18.73,18.78,18.63,18.65,18.71,-0.06,-0.32,28841.88,53957.762
511,603188.SH,20160908,18.6,18.7,18.4,18.58,18.65,-0.07,-0.38,37248.91,69070.824
510,603188.SH,20160909,18.53,18.65,18.23,18.23,18.58,-0.35,-1.88,45022.13,82656.78
509,603188.SH,20160912,18.0,18.0,17.64,17.74,18.23,-0.49,-2.69,55702.79,99217.802
508,603188.SH,20160913,17.8,17.93,17.7,17.79,17.74,0.05,0.28,28369.98,50414.95
507,603188.SH,20160914,17.75,17.85,17.5,17.6,17.79,-0.19,-1.07,35335.57,62472.961
506,603188.SH,20160919,17.63,17.74,17.61,17.73,17.6,0.13,0.74,29364.43,51915.602
505,603188.SH,20160920,17.72,18.15,17.67,18.03,17.73,0.3,1.69,51973.23,93164.485
504,603188.SH,20160921,18.03,18.08,17.81,17.87,18.03,-0.16,-0.89,31470.44,56465.676
503,603188.SH,20160922,18.0,18.14,17.96,17.99,17.87,0.12,0.67,35628.34,64291.167
502,603188.SH,20160923,17.98,18.07,17.83,17.86,17.99,-0.13,-0.72,29889.71,53500.866
501,603188.SH,20160926,17.91,17.91,17.5,17.52,17.86,-0.34,-1.9,35371.76,62361.608
500,603188.SH,20160927,17.47,17.69,17.45,17.68,17.52,0.16,0.91,25329.82,44385.584
499,603188.SH,20160928,17.68,17.73,17.52,17.61,17.68,-0.07,-0.4,16840.41,29638.097
498,603188.SH,20160929,17.73,17.73,17.5,17.52,17.61,-0.09,-0.51,26806.85,47234.806
497,603188.SH,20160930,17.54,17.94,17.5,17.83,17.52,0.31,1.77,26610.04,47208.807
496,603188.SH,20161010,18.06,18.11,17.88,18.1,17.83,0.27,1.51,36619.99,66034.897
495,603188.SH,20161011,18.1,18.18,18.0,18.15,18.1,0.05,0.28,32268.29,58354.215
494,603188.SH,20161012,18.07,18.23,18.01,18.19,18.15,0.04,0.22,30669.43,55562.66
493,603188.SH,20161013,18.19,18.75,18.12,18.56,18.19,0.37,2.03,69371.34,128266.721
492,603188.SH,20161014,18.67,18.67,18.27,18.41,18.56,-0.15,-0.81,39446.17,72548.272
491,603188.SH,20161017,18.41,18.47,18.04,18.07,18.41,-0.34,-1.85,36859.14,67249.9
490,603188.SH,20161018,18.1,18.23,17.94,18.2,18.07,0.13,0.72,61356.71,110891.354
489,603188.SH,20161019,18.23,18.29,18.0,18.09,18.2,-0.11,-0.6,33652.91,61082.34
488,603188.SH,20161020,18.13,18.24,18.07,18.17,18.09,0.08,0.44,32132.78,58392.996
487,603188.SH,20161021,18.2,18.55,18.13,18.46,18.17,0.29,1.6,75475.24,138619.216
486,603188.SH,20161024,18.45,18.65,18.34,18.59,18.46,0.13,0.7,46598.11,86485.053
485,603188.SH,20161025,18.6,18.67,18.45,18.55,18.59,-0.04,-0.22,37571.55,69538.195
484,603188.SH,20161026,18.63,18.67,18.39,18.45,18.55,-0.1,-0.54,39871.8,73876.808
483,603188.SH,20161027,18.52,18.59,18.41,18.52,18.45,0.07,0.38,28529.78,52771.295
482,603188.SH,20161028,18.53,18.57,18.08,18.11,18.52,-0.41,-2.21,63464.74,115850.596
481,603188.SH,20161031,18.02,18.23,18.0,18.21,18.11,0.1,0.55,31846.4,57692.49
480,603188.SH,20161101,18.2,18.48,18.2,18.47,18.21,0.26,1.43,44799.19,82214.436
479,603188.SH,20161102,18.5,18.56,18.37,18.4,18.47,-0.07,-0.38,35032.96,64667.225
478,603188.SH,20161103,18.4,18.58,18.32,18.43,18.4,0.03,0.16,41980.38,77519.728
477,603188.SH,20161104,18.43,18.65,18.4,18.55,18.43,0.12,0.65,46582.83,86350.015
476,603188.SH,20161107,18.5,18.5,18.32,18.37,18.55,-0.18,-0.97,46536.23,85564.944
475,603188.SH,20161108,18.46,18.59,18.35,18.58,18.37,0.21,1.14,53774.26,99321.801
474,603188.SH,20161109,18.58,19.45,18.5,19.22,18.58,0.64,3.44,202652.98,386861.104
473,603188.SH,20161110,19.28,19.65,19.1,19.5,19.22,0.28,1.46,175131.57,340000.92
472,603188.SH,20161111,19.4,19.81,19.3,19.41,19.5,-0.09,-0.46,152469.55,298272.121
471,603188.SH,20161114,19.41,19.58,19.22,19.4,19.41,-0.01,-0.05,84803.55,164291.454
470,603188.SH,20161115,19.45,19.49,19.13,19.28,19.4,-0.12,-0.62,64448.18,124138.938
469,603188.SH,20161116,19.28,19.35,19.18,19.26,19.28,-0.02,-0.1,60356.38,116166.882
468,603188.SH,20161117,19.21,19.44,19.15,19.39,19.26,0.13,0.68,52699.27,101466.045
467,603188.SH,20161118,19.36,19.67,19.26,19.56,19.39,0.17,0.88,106889.05,208633.045
466,603188.SH,20161121,19.5,19.66,19.31,19.45,19.56,-0.11,-0.56,74626.47,145113.009
465,603188.SH,20161122,19.5,19.88,19.39,19.82,19.45,0.37,1.9,99604.13,195349.573
464,603188.SH,20161123,19.88,19.89,19.3,19.31,19.82,-0.51,-2.57,88323.0,173119.046
463,603188.SH,20161124,19.32,19.38,19.07,19.12,19.31,-0.19,-0.98,64907.0,124632.715
462,603188.SH,20161125,19.12,19.35,18.96,19.3,19.12,0.18,0.94,47331.98,90691.335
461,603188.SH,20161128,19.4,19.65,19.34,19.49,19.3,0.19,0.98,70933.63,138447.32
460,603188.SH,20161129,19.48,19.68,19.39,19.54,19.49,0.05,0.26,73651.23,144137.72
459,603188.SH,20161130,19.57,19.58,19.05,19.08,19.54,-0.46,-2.35,58825.17,113207.648
458,603188.SH,20161201,19.11,19.34,19.07,19.29,19.08,0.21,1.1,41712.97,80254.514
457,603188.SH,20161202,19.31,19.34,18.65,18.78,19.29,-0.51,-2.64,56470.91,107015.271
456,603188.SH,20161205,18.71,18.93,18.56,18.78,18.78,0.0,0.0,32575.55,61244.056
455,603188.SH,20161206,18.79,18.92,18.76,18.78,18.78,0.0,0.0,23018.0,43393.017
454,603188.SH,20161207,18.8,18.97,18.68,18.93,18.78,0.15,0.8,22124.68,41724.623
453,603188.SH,20161208,18.94,19.03,18.79,18.81,18.93,-0.12,-0.63,20880.0,39375.56
452,603188.SH,20161209,18.81,18.85,18.64,18.66,18.81,-0.15,-0.8,26446.01,49508.831
451,603188.SH,20161212,18.71,18.8,17.58,17.63,18.66,-1.03,-5.52,70276.7,127084.875
450,603188.SH,20161213,17.61,17.73,17.47,17.66,17.63,0.03,0.17,48141.19,84725.868
449,603188.SH,20161214,17.69,17.77,17.49,17.55,17.66,-0.11,-0.62,33862.36,59702.704
448,603188.SH,20161215,17.5,17.8,17.49,17.66,17.55,0.11,0.63,28581.14,50561.961
447,603188.SH,20161216,17.7,17.94,17.62,17.83,17.66,0.17,0.96,29170.31,51955.698
446,603188.SH,20161219,17.83,17.99,17.69,17.83,17.83,0.0,0.0,26894.16,47873.749
445,603188.SH,20161220,17.83,17.9,17.76,17.83,17.83,0.0,0.0,20856.9,37168.774
444,603188.SH,20161221,17.9,17.97,17.83,17.93,17.83,0.1,0.56,29076.34,52034.862
443,603188.SH,20161222,17.98,17.98,17.71,17.81,17.93,-0.12,-0.67,25186.65,44863.509
442,603188.SH,20161223,17.84,17.85,17.63,17.66,17.81,-0.15,-0.84,19699.0,34925.258
441,603188.SH,20161226,17.6,17.98,17.5,17.96,17.66,0.3,1.7,30349.14,53856.533
440,603188.SH,20161227,17.93,17.95,17.81,17.85,17.96,-0.11,-0.61,18170.93,32489.625
439,603188.SH,20161228,17.85,17.93,17.81,17.92,17.85,0.07,0.39,14667.29,26196.862
438,603188.SH,20161229,17.88,17.92,17.74,17.8,17.92,-0.12,-0.67,15719.45,28011.689
437,603188.SH,20161230,17.8,17.93,17.77,17.86,17.8,0.06,0.34,19251.97,34364.033
436,603188.SH,20170103,17.86,18.23,17.79,18.15,17.86,0.29,1.62,35056.69,63488.907
435,603188.SH,20170104,18.09,18.34,18.04,18.32,18.15,0.17,0.94,35789.93,65198.884
434,603188.SH,20170105,18.31,18.45,18.18,18.2,18.32,-0.12,-0.66,31450.46,57586.221
433,603188.SH,20170106,18.16,18.24,18.04,18.12,18.2,-0.08,-0.44,23899.09,43289.558
432,603188.SH,20170109,18.11,18.29,18.09,18.28,18.12,0.16,0.88,24073.25,43809.827
431,603188.SH,20170110,18.33,18.33,18.09,18.11,18.28,-0.17,-0.93,16152.34,29367.062
430,603188.SH,20170111,18.1,18.28,18.08,18.12,18.11,0.01,0.06,22669.84,41184.246
429,603188.SH,20170112,18.13,18.42,18.04,18.24,18.12,0.12,0.66,32157.64,58726.887
428,603188.SH,20170113,18.22,18.24,17.51,17.65,18.24,-0.59,-3.23,49809.85,88799.009
427,603188.SH,20170116,17.61,17.74,16.45,16.93,17.65,-0.72,-4.08,53212.47,91377.843
426,603188.SH,20170117,16.94,17.11,16.67,17.08,16.93,0.15,0.89,29431.01,49817.952
425,603188.SH,20170118,17.01,17.2,16.93,17.1,17.08,0.02,0.12,23317.47,39853.3
424,603188.SH,20170119,17.01,17.2,17.01,17.08,17.1,-0.02,-0.12,11967.51,20479.124
423,603188.SH,20170120,17.01,17.35,17.01,17.28,17.08,0.2,1.17,22631.21,39037.696
422,603188.SH,20170123,17.28,17.53,17.28,17.45,17.28,0.17,0.98,24883.1,43388.526
421,603188.SH,20170124,17.47,17.52,17.35,17.49,17.45,0.04,0.23,17711.75,30845.543
420,603188.SH,20170125,17.45,17.64,17.42,17.51,17.49,0.02,0.11,18574.02,32551.455
419,603188.SH,20170126,17.58,17.76,17.51,17.68,17.51,0.17,0.97,21614.53,38185.339
418,603188.SH,20170203,17.69,17.7,17.36,17.37,17.68,-0.31,-1.75,23961.92,41873.933
417,603188.SH,20170206,17.41,18.05,17.41,18.02,17.37,0.65,3.74,39122.22,69731.809
416,603188.SH,20170207,17.94,18.26,17.84,18.06,18.02,0.04,0.22,39009.64,70433.783
415,603188.SH,20170208,18.06,18.17,17.94,18.15,18.06,0.09,0.5,30227.48,54567.764
414,603188.SH,20170209,18.14,18.22,18.06,18.12,18.15,-0.03,-0.17,37344.65,67717.207
413,603188.SH,20170210,18.16,18.36,18.06,18.11,18.12,-0.01,-0.06,45133.2,82052.368
412,603188.SH,20170213,18.16,18.76,18.05,18.61,18.11,0.5,2.76,74776.77,138044.147
411,603188.SH,20170214,18.7,18.99,18.51,18.65,18.61,0.04,0.21,88712.17,166359.531
410,603188.SH,20170215,18.56,18.72,18.21,18.27,18.65,-0.38,-2.04,52548.0,96969.901
409,603188.SH,20170216,18.32,18.58,18.29,18.55,18.27,0.28,1.53,44874.36,82935.083
408,603188.SH,20170217,18.48,18.68,18.36,18.4,18.55,-0.15,-0.81,45783.55,84728.538
407,603188.SH,20170220,18.41,18.62,18.35,18.6,18.4,0.2,1.09,41413.64,76529.744
406,603188.SH,20170221,18.62,18.91,18.53,18.74,18.6,0.14,0.75,52495.39,98355.821
405,603188.SH,20170222,18.73,18.89,18.63,18.77,18.74,0.03,0.16,34243.11,64149.661
404,603188.SH,20170223,18.8,18.83,18.31,18.45,18.77,-0.32,-1.7,56090.8,103769.998
403,603188.SH,20170224,18.44,18.62,18.37,18.54,18.45,0.09,0.49,36090.33,66733.963
402,603188.SH,20170227,18.58,18.73,18.3,18.35,18.54,-0.19,-1.02,53200.29,98287.566
401,603188.SH,20170228,18.36,18.47,18.12,18.39,18.35,0.04,0.22,40345.97,73840.938
400,603188.SH,20170301,18.42,18.72,18.34,18.57,18.39,0.18,0.98,60016.71,111571.32
399,603188.SH,20170302,18.57,19.1,18.57,18.83,18.57,0.26,1.4,99373.73,187288.196
398,603188.SH,20170303,18.7,18.77,18.58,18.72,18.83,-0.11,-0.58,49028.29,91616.074
397,603188.SH,20170306,18.72,18.94,18.68,18.81,18.72,0.09,0.48,47572.7,89586.119
396,603188.SH,20170307,18.88,18.88,18.47,18.66,18.81,-0.15,-0.8,57417.57,106915.358
395,603188.SH,20170308,18.67,18.67,18.35,18.43,18.66,-0.23,-1.23,46018.08,85079.087
394,603188.SH,20170309,18.36,18.46,18.3,18.41,18.43,-0.02,-0.11,33256.71,61051.954
393,603188.SH,20170310,18.37,18.45,18.33,18.37,18.41,-0.04,-0.22,22050.43,40520.879
392,603188.SH,20170313,18.35,18.56,18.26,18.51,18.37,0.14,0.76,37431.32,69106.798
391,603188.SH,20170314,18.57,18.63,18.39,18.4,18.51,-0.11,-0.59,29346.36,54309.148
390,603188.SH,20170315,18.41,18.51,18.31,18.42,18.4,0.02,0.11,30114.52,55386.397
389,603188.SH,20170316,18.5,18.84,18.47,18.82,18.42,0.4,2.17,62922.39,117589.678
388,603188.SH,20170317,18.82,18.94,18.41,18.46,18.82,-0.36,-1.91,65935.37,123269.022
387,603188.SH,20170320,18.45,18.63,18.43,18.6,18.46,0.14,0.76,36579.95,67780.883
386,603188.SH,20170321,18.61,18.75,18.52,18.7,18.6,0.1,0.54,43250.79,80597.344
385,603188.SH,20170322,18.6,18.68,18.39,18.46,18.7,-0.24,-1.28,35065.58,64901.411
384,603188.SH,20170323,18.46,18.55,18.18,18.33,18.46,-0.13,-0.7,43519.32,79957.235
383,603188.SH,20170324,18.31,18.6,18.28,18.58,18.33,0.25,1.36,37035.84,68290.328
382,603188.SH,20170327,18.55,18.79,18.51,18.64,18.58,0.06,0.32,44265.45,82454.239
381,603188.SH,20170328,18.5,18.6,18.35,18.55,18.64,-0.09,-0.48,38663.35,71312.083
380,603188.SH,20170329,18.53,18.63,18.35,18.36,18.55,-0.19,-1.02,32668.25,60308.925
379,603188.SH,20170330,18.24,18.49,18.12,18.17,18.36,-0.19,-1.03,50744.73,92611.565
378,603188.SH,20170331,18.16,18.34,18.13,18.2,18.17,0.03,0.17,24989.87,45505.678
377,603188.SH,20170405,18.25,18.57,18.23,18.51,18.2,0.31,1.7,50802.68,93582.838
376,603188.SH,20170406,18.52,18.56,18.37,18.44,18.51,-0.07,-0.38,38047.45,70088.349
375,603188.SH,20170407,18.41,18.41,18.25,18.36,18.44,-0.08,-0.43,44662.35,81854.454
374,603188.SH,20170410,18.37,18.86,18.27,18.82,18.36,0.46,2.51,82451.94,153169.42
373,603188.SH,20170411,18.76,19.08,18.58,18.96,18.82,0.14,0.74,89346.85,168101.095
372,603188.SH,20170412,18.98,19.02,18.55,18.58,18.96,-0.38,-2.0,59587.84,111870.225
371,603188.SH,20170413,18.61,19.48,18.55,19.3,18.58,0.72,3.88,147895.88,284197.022
370,603188.SH,20170414,19.29,19.35,19.0,19.17,19.3,-0.13,-0.67,74421.72,142420.312
369,603188.SH,20170417,19.15,19.23,18.66,18.84,19.17,-0.33,-1.72,65919.62,124486.486
368,603188.SH,20170418,18.87,19.05,18.62,18.69,18.84,-0.15,-0.8,47536.46,89629.44
367,603188.SH,20170419,18.57,18.58,17.82,18.02,18.69,-0.67,-3.58,87534.37,158809.946
366,603188.SH,20170420,17.97,18.12,17.59,17.89,18.02,-0.13,-0.72,59611.14,106090.345
365,603188.SH,20170421,17.9,18.1,17.8,17.87,17.89,-0.02,-0.11,42329.55,76018.616
364,603188.SH,20170424,17.8,17.95,17.33,17.44,17.87,-0.43,-2.41,40471.04,71483.694
363,603188.SH,20170425,17.46,17.72,17.25,17.28,17.44,-0.16,-0.92,53213.33,93024.56
362,603188.SH,20170426,17.28,17.42,17.25,17.32,17.28,0.04,0.23,37011.44,64099.264
361,603188.SH,20170427,17.42,17.74,17.34,17.67,17.32,0.35,2.02,58127.77,102162.596
360,603188.SH,20170428,17.68,17.79,17.51,17.68,17.67,0.01,0.06,29569.55,52087.634
359,603188.SH,20170502,17.65,17.85,17.61,17.73,17.68,0.05,0.28,32721.26,58061.624
358,603188.SH,20170503,17.66,17.82,17.52,17.74,17.73,0.01,0.06,25241.61,44588.338
357,603188.SH,20170504,17.72,17.85,17.56,17.63,17.74,-0.11,-0.62,27611.94,49010.573
356,603188.SH,20170505,17.6,17.8,17.46,17.56,17.63,-0.07,-0.4,26981.7,47543.121
355,603188.SH,20170508,17.53,17.58,17.27,17.28,17.56,-0.28,-1.59,27018.0,46968.917
354,603188.SH,20170509,17.26,17.51,17.2,17.5,17.28,0.22,1.27,34262.94,59462.472
353,603188.SH,20170510,17.49,17.56,16.94,16.96,17.5,-0.54,-3.09,32198.25,55750.191
352,603188.SH,20170511,16.94,17.11,16.56,17.07,16.96,0.11,0.65,43504.52,73298.571
351,603188.SH,20170512,17.07,17.09,16.82,16.97,17.07,-0.1,-0.59,22878.94,38800.618
350,603188.SH,20170515,16.91,17.19,16.9,16.96,16.97,-0.01,-0.06,24357.82,41498.392
349,603188.SH,20170516,16.96,17.32,16.73,17.31,16.96,0.35,2.06,37366.24,63432.893
348,603188.SH,20170517,17.26,17.32,17.17,17.26,17.31,-0.05,-0.29,30977.14,53394.202
347,603188.SH,20170518,17.13,17.27,17.08,17.17,17.26,-0.09,-0.52,21936.88,37713.214
346,603188.SH,20170519,17.23,17.3,17.07,17.13,17.17,-0.04,-0.23,19253.21,33122.293
345,603188.SH,20170522,17.11,17.23,16.76,16.85,17.13,-0.28,-1.63,29801.2,50655.866
344,603188.SH,20170523,16.75,16.9,16.51,16.54,16.85,-0.31,-1.84,28508.17,47614.402
343,603188.SH,20170524,16.5,16.8,16.42,16.76,16.54,0.22,1.33,22635.63,37595.977
342,603188.SH,20170525,16.76,16.97,16.57,16.89,16.76,0.13,0.78,25385.88,42633.387
341,603188.SH,20170526,16.89,17.01,16.84,16.89,16.89,0.0,0.0,16949.4,28678.531
340,603188.SH,20170531,17.02,17.16,16.92,16.94,16.89,0.05,0.3,25110.46,42780.162
339,603188.SH,20170601,17.0,17.1,16.84,16.86,16.94,-0.08,-0.47,27205.09,46212.278
338,603188.SH,20170602,16.87,17.17,16.67,17.09,16.86,0.23,1.36,28958.0,49042.221
337,603188.SH,20170605,17.15,17.32,17.07,17.19,17.09,0.1,0.59,23476.86,40396.901
336,603188.SH,20170606,17.24,17.3,17.11,17.29,17.19,0.1,0.58,15144.51,26065.942
335,603188.SH,20170607,17.32,17.62,17.26,17.57,17.29,0.28,1.62,39407.82,68906.973
334,603188.SH,20170608,17.25,17.25,16.92,16.95,17.07,-0.12,-0.7,28731.58,48902.679
333,603188.SH,20170609,16.96,17.07,16.88,16.98,16.95,0.03,0.18,21191.82,35945.332
332,603188.SH,20170612,16.89,16.95,16.7,16.72,16.98,-0.26,-1.53,25449.41,42783.968
331,603188.SH,20170613,16.73,16.97,16.73,16.91,16.72,0.19,1.14,20884.58,35267.879
330,603188.SH,20170614,16.91,17.06,16.83,16.94,16.91,0.03,0.18,18160.54,30757.103
329,603188.SH,20170615,16.89,17.18,16.89,17.12,16.94,0.18,1.06,26690.35,45602.052
328,603188.SH,20170616,17.16,17.16,16.99,17.03,17.12,-0.09,-0.53,16723.87,28509.621
327,603188.SH,20170619,16.99,17.14,16.96,17.13,17.03,0.1,0.59,20860.39,35601.155
326,603188.SH,20170620,17.15,17.17,17.03,17.05,17.13,-0.08,-0.47,19183.76,32839.878
325,603188.SH,20170621,17.06,17.12,16.93,17.02,17.05,-0.03,-0.18,20777.02,35338.015
324,603188.SH,20170622,17.02,17.05,16.71,16.72,17.02,-0.3,-1.76,35436.83,59953.772
323,603188.SH,20170623,16.73,16.93,16.58,16.8,16.72,0.08,0.48,24642.16,41292.052
322,603188.SH,20170626,16.83,17.24,16.75,17.19,16.8,0.39,2.32,43296.11,74064.534
321,603188.SH,20170627,17.2,17.25,17.12,17.16,17.19,-0.03,-0.17,30169.41,51880.136
320,603188.SH,20170628,17.22,17.28,17.1,17.19,17.16,0.03,0.17,32481.59,55871.197
319,603188.SH,20170629,17.2,17.37,17.16,17.26,17.19,0.07,0.41,25411.41,43849.409
318,603188.SH,20170630,17.22,17.54,17.15,17.44,17.26,0.18,1.04,42314.86,73478.712
317,603188.SH,20170703,17.45,17.66,17.42,17.6,17.44,0.16,0.92,39748.5,69845.503
316,603188.SH,20170704,17.59,17.59,17.33,17.41,17.6,-0.19,-1.08,27644.63,48244.372
315,603188.SH,20170705,17.4,17.65,17.33,17.64,17.41,0.23,1.32,30847.34,54100.263
314,603188.SH,20170706,17.58,17.67,17.41,17.48,17.64,-0.16,-0.91,31291.63,54810.041
313,603188.SH,20170707,17.49,17.73,17.44,17.69,17.48,0.21,1.2,28391.78,49976.742
312,603188.SH,20170710,17.64,17.89,17.6,17.75,17.69,0.06,0.34,40693.09,72320.152
311,603188.SH,20170711,17.77,17.77,17.42,17.47,17.75,-0.28,-1.58,32483.39,57219.881
310,603188.SH,20170712,17.49,17.6,17.26,17.5,17.47,0.03,0.17,33914.31,58986.9
309,603188.SH,20170713,17.43,17.67,17.43,17.58,17.5,0.08,0.46,30014.26,52729.98
308,603188.SH,20170714,17.51,17.6,17.42,17.51,17.58,-0.07,-0.4,26508.38,46401.097
307,603188.SH,20170717,17.51,17.51,16.22,17.23,17.51,-0.28,-1.6,61771.44,105998.538
306,603188.SH,20170718,17.08,17.35,17.03,17.34,17.23,0.11,0.64,28860.48,49872.495
305,603188.SH,20170719,17.26,17.63,17.26,17.61,17.34,0.27,1.56,41534.77,72797.769
304,603188.SH,20170720,17.61,18.18,17.54,17.87,17.61,0.26,1.48,103318.33,184431.306
303,603188.SH,20170721,17.8,18.06,17.7,18.04,17.87,0.17,0.95,65835.9,117587.052
302,603188.SH,20170724,18.0,18.46,17.88,18.32,18.04,0.28,1.55,122354.11,223221.741
301,603188.SH,20170725,18.3,18.36,17.89,18.04,18.32,-0.28,-1.53,82746.08,149618.862
300,603188.SH,20170726,18.01,18.27,17.85,18.21,18.04,0.17,0.94,75542.77,136278.452
299,603188.SH,20170727,18.22,18.45,18.03,18.1,18.21,-0.11,-0.6,91755.86,167177.561
298,603188.SH,20170728,18.01,18.29,17.9,18.2,18.1,0.1,0.55,64998.94,117760.56
297,603188.SH,20170731,18.32,18.72,18.1,18.61,18.2,0.41,2.25,137540.09,254618.241
296,603188.SH,20170801,18.65,19.35,18.62,19.01,18.61,0.4,2.15,235560.35,449147.785
295,603188.SH,20170802,18.86,19.1,18.54,18.57,19.01,-0.44,-2.31,120586.08,227003.973
294,603188.SH,20170803,18.76,19.27,18.71,19.18,18.57,0.61,3.28,159228.32,302675.68
293,603188.SH,20170804,19.15,19.79,18.95,19.17,19.18,-0.01,-0.05,198062.83,382421.217
292,603188.SH,20170807,19.1,19.18,18.64,19.05,19.17,-0.12,-0.63,96103.05,181502.659
291,603188.SH,20170808,19.02,19.47,18.68,18.72,19.05,-0.33,-1.73,195537.48,373543.601
290,603188.SH,20170809,18.5,18.72,18.22,18.44,18.72,-0.28,-1.5,152804.57,281126.963
289,603188.SH,20170810,18.35,18.5,18.06,18.26,18.44,-0.18,-0.98,101946.25,186319.279
288,603188.SH,20170811,18.16,18.28,17.79,17.8,18.26,-0.46,-2.52,98437.51,177813.82
287,603188.SH,20170814,17.7,18.16,17.69,18.15,17.8,0.35,1.97,53169.3,95839.158
286,603188.SH,20170815,18.16,18.34,17.92,18.17,18.15,0.02,0.11,69732.47,126525.443
285,603188.SH,20170816,18.1,18.2,17.93,18.14,18.17,-0.03,-0.17,56197.2,101480.547
284,603188.SH,20170817,18.15,18.44,18.08,18.37,18.14,0.23,1.27,81068.12,148189.322
283,603188.SH,20170818,18.2,18.38,18.16,18.24,18.37,-0.13,-0.71,50246.88,91714.458
282,603188.SH,20170821,18.28,18.4,18.2,18.37,18.24,0.13,0.71,41253.41,75581.914
281,603188.SH,20170822,18.39,18.43,18.03,18.15,18.37,-0.22,-1.2,41959.3,76321.328
280,603188.SH,20170823,18.01,18.18,17.83,17.9,18.15,-0.25,-1.38,64090.71,115030.212
279,603188.SH,20170824,17.4,17.4,16.82,17.2,17.9,-0.7,-3.91,177775.03,303881.411
278,603188.SH,20170825,17.15,17.42,17.1,17.35,17.2,0.15,0.87,74335.78,128782.29
277,603188.SH,20170828,17.36,17.61,17.27,17.43,17.35,0.08,0.46,63491.06,110528.433
276,603188.SH,20170829,17.44,17.53,17.39,17.46,17.43,0.03,0.17,38903.11,67979.292
275,603188.SH,20170830,17.45,17.61,17.39,17.45,17.46,-0.01,-0.06,39672.22,69376.622
274,603188.SH,20170831,17.6,18.63,17.46,18.57,17.45,1.12,6.42,191585.76,346230.868
273,603188.SH,20170901,18.85,19.41,18.63,19.16,18.57,0.59,3.18,334241.81,636056.973
272,603188.SH,20170904,19.2,20.3,19.2,19.42,19.16,0.26,1.36,297955.63,586584.116
271,603188.SH,20170905,19.58,19.8,19.11,19.32,19.42,-0.1,-0.51,107822.26,208980.31
270,603188.SH,20170906,19.26,19.85,19.26,19.58,19.32,0.26,1.35,177448.57,345928.309
269,603188.SH,20170907,19.5,19.58,18.78,18.89,19.58,-0.69,-3.52,149642.35,285657.358
268,603188.SH,20170908,19.03,19.17,18.81,19.04,18.89,0.15,0.79,92936.32,176633.695
267,603188.SH,20170911,19.04,19.19,18.9,19.05,19.04,0.01,0.05,70448.81,134007.832
266,603188.SH,20170912,19.13,19.67,18.95,19.08,19.05,0.03,0.16,98061.41,189799.065
265,603188.SH,20170913,19.02,19.35,18.61,19.33,19.08,0.25,1.31,78589.94,148865.866
264,603188.SH,20170914,19.29,19.44,18.85,19.0,19.33,-0.33,-1.71,79696.48,152523.521
263,603188.SH,20170915,19.04,19.04,18.65,18.81,19.0,-0.19,-1.0,63526.28,119105.303
262,603188.SH,20170918,18.77,18.89,18.7,18.88,18.81,0.07,0.37,30511.37,57386.671
261,603188.SH,20170919,18.88,18.93,18.48,18.52,18.88,-0.36,-1.91,57169.73,106938.727
260,603188.SH,20170920,18.57,18.82,18.54,18.78,18.52,0.26,1.4,47309.17,88315.489
259,603188.SH,20170921,18.82,19.07,18.68,18.75,18.78,-0.03,-0.16,51500.0,97230.876
258,603188.SH,20170922,18.79,18.89,18.51,18.88,18.75,0.13,0.69,39000.56,73032.029
257,603188.SH,20170925,18.88,19.06,18.18,18.2,18.88,-0.68,-3.6,63763.13,118673.017
256,603188.SH,20170926,18.14,18.44,18.08,18.41,18.2,0.21,1.15,23679.95,43362.869
255,603188.SH,20170927,18.41,18.52,18.3,18.48,18.41,0.07,0.38,24513.23,45180.463
254,603188.SH,20170928,18.52,18.59,18.24,18.24,18.48,-0.24,-1.3,26195.0,48045.701
253,603188.SH,20170929,18.42,18.5,18.25,18.38,18.24,0.14,0.77,21552.1,39650.841
252,603188.SH,20171009,18.6,18.85,18.59,18.69,18.38,0.31,1.69,34409.66,64454.269
251,603188.SH,20171010,18.61,18.96,18.58,18.95,18.69,0.26,1.39,38621.41,72596.914
250,603188.SH,20171011,18.95,19.14,18.8,18.87,18.95,-0.08,-0.42,49910.53,94692.018
249,603188.SH,20171012,18.89,19.09,18.8,19.02,18.87,0.15,0.79,39190.2,74327.597
248,603188.SH,20171013,18.99,19.16,18.79,19.09,19.02,0.07,0.37,45644.24,86794.05
247,603188.SH,20171016,19.14,19.15,18.63,18.79,19.09,-0.3,-1.57,40815.84,76996.628
246,603188.SH,20171017,18.66,18.85,18.65,18.79,18.79,0.0,0.0,20571.1,38614.691
245,603188.SH,20171018,18.69,18.85,18.6,18.6,18.79,-0.19,-1.01,26385.02,49307.748
244,603188.SH,20171019,18.55,18.74,18.35,18.65,18.6,0.05,0.27,34050.02,63190.082
243,603188.SH,20171020,18.25,18.41,18.06,18.19,18.65,-0.46,-2.47,55969.47,102219.132
242,603188.SH,20171023,18.14,18.45,18.14,18.43,18.19,0.24,1.32,36557.91,66931.698
241,603188.SH,20171024,18.37,18.56,18.32,18.5,18.43,0.07,0.38,34941.71,64632.73
240,603188.SH,20171025,18.43,18.86,18.42,18.83,18.5,0.33,1.78,30003.28,56092.11
239,603188.SH,20171026,18.81,18.89,18.69,18.79,18.83,-0.04,-0.21,29031.86,54503.685
238,603188.SH,20171027,18.95,18.98,18.7,18.87,18.79,0.08,0.43,34290.78,64587.562
237,603188.SH,20171030,18.88,18.88,17.9,18.07,18.87,-0.8,-4.24,47307.12,86692.175
236,603188.SH,20171031,18.07,18.38,18.04,18.3,18.07,0.23,1.27,22083.37,40169.026
235,603188.SH,20171101,18.25,18.42,18.17,18.19,18.3,-0.11,-0.6,20923.0,38189.085
234,603188.SH,20171102,18.22,18.29,17.95,17.99,18.19,-0.2,-1.1,26678.2,48427.232
233,603188.SH,20171103,18.01,18.1,17.25,17.38,17.99,-0.61,-3.39,44717.29,78655.755
232,603188.SH,20171106,17.36,17.65,17.36,17.62,17.38,0.24,1.38,24186.87,42364.424
231,603188.SH,20171107,17.68,17.91,17.49,17.83,17.62,0.21,1.19,32064.27,56738.091
230,603188.SH,20171108,17.91,18.0,17.8,17.89,17.83,0.06,0.34,17633.82,31561.089
229,603188.SH,20171109,17.8,17.95,17.61,17.78,17.89,-0.11,-0.61,29744.5,52685.029
228,603188.SH,20171110,17.74,17.84,17.4,17.62,17.78,-0.16,-0.9,29892.35,52680.787
227,603188.SH,20171113,17.73,17.73,17.34,17.43,17.62,-0.19,-1.08,36229.72,63491.715
226,603188.SH,20171114,17.45,17.59,17.4,17.49,17.43,0.06,0.34,25378.0,44397.341
225,603188.SH,20171115,17.49,17.49,17.09,17.12,17.49,-0.37,-2.12,36850.66,63515.178
224,603188.SH,20171116,17.11,17.32,17.08,17.13,17.12,0.01,0.06,25172.96,43308.585
223,603188.SH,20171117,17.16,17.24,16.79,16.83,17.13,-0.3,-1.75,35169.0,59848.645
222,603188.SH,20171120,16.89,16.89,16.47,16.65,16.83,-0.18,-1.07,35168.88,58339.391
221,603188.SH,20171121,16.65,16.7,16.4,16.56,16.65,-0.09,-0.54,36197.0,59824.026
220,603188.SH,20171122,16.6,16.82,16.5,16.63,16.56,0.07,0.42,29328.95,48807.344
219,603188.SH,20171123,16.61,16.75,16.46,16.55,16.63,-0.08,-0.48,25882.14,42996.284
218,603188.SH,20171124,16.55,16.76,16.5,16.68,16.55,0.13,0.79,20715.95,34509.881
217,603188.SH,20171127,16.74,16.77,16.49,16.52,16.68,-0.16,-0.96,17472.68,28993.578
216,603188.SH,20171128,16.6,16.71,16.56,16.69,16.52,0.17,1.03,15816.9,26302.549
215,603188.SH,20171129,16.65,16.76,16.5,16.74,16.69,0.05,0.3,29122.08,48369.652
214,603188.SH,20171130,16.75,16.98,16.71,16.9,16.74,0.16,0.96,30534.41,51506.683
213,603188.SH,20171201,16.98,17.24,16.88,17.05,16.9,0.15,0.89,36619.0,62636.175
212,603188.SH,20171204,17.02,17.15,16.8,16.82,17.05,-0.23,-1.35,28381.12,48148.066
211,603188.SH,20171205,16.77,16.85,16.32,16.37,16.82,-0.45,-2.68,35831.75,59331.032
210,603188.SH,20171206,16.34,16.67,16.34,16.65,16.37,0.28,1.71,21154.87,34836.901
209,603188.SH,20171207,16.6,16.66,16.48,16.49,16.65,-0.16,-0.96,13832.26,22888.39
208,603188.SH,20171208,16.49,16.73,16.49,16.68,16.49,0.19,1.15,18439.53,30706.017
207,603188.SH,20171211,16.75,16.77,16.51,16.63,16.68,-0.05,-0.3,30459.52,50695.697
206,603188.SH,20171212,16.64,16.86,16.59,16.61,16.63,-0.02,-0.12,36414.59,60898.393
205,603188.SH,20171213,16.58,16.58,16.23,16.41,16.61,-0.2,-1.2,45506.47,74629.575
204,603188.SH,20171214,16.4,16.42,16.0,16.16,16.41,-0.25,-1.52,45579.29,73792.302
203,603188.SH,20171215,16.11,16.23,16.01,16.21,16.16,0.05,0.31,14599.37,23608.144
202,603188.SH,20171218,16.21,16.33,16.13,16.25,16.21,0.04,0.25,13999.62,22752.018
201,603188.SH,20171219,16.25,16.38,16.25,16.36,16.25,0.11,0.68,15414.14,25158.319
200,603188.SH,20171220,16.28,16.38,16.11,16.13,16.36,-0.23,-1.41,17617.5,28598.308
199,603188.SH,20171221,16.2,16.52,16.12,16.43,16.13,0.3,1.86,36044.98,59083.719
198,603188.SH,20171222,16.3,16.43,16.22,16.3,16.43,-0.13,-0.79,26997.49,43976.284
197,603188.SH,20171225,16.23,16.31,16.0,16.05,16.3,-0.25,-1.53,26379.05,42474.603
196,603188.SH,20171226,16.05,16.21,15.9,16.19,16.05,0.14,0.87,25853.52,41459.778
195,603188.SH,20171227,16.17,16.2,16.05,16.07,16.19,-0.12,-0.74,12150.0,19563.379
194,603188.SH,20171228,16.13,16.31,15.98,16.21,16.07,0.14,0.87,18098.23,29343.304
193,603188.SH,20171229,16.23,16.68,16.23,16.59,16.21,0.38,2.34,66024.0,109341.735
192,603188.SH,20180102,16.58,16.89,16.47,16.77,16.59,0.18,1.09,49696.86,83111.104
191,603188.SH,20180103,16.75,17.03,16.67,16.8,16.77,0.03,0.18,47009.49,79445.942
190,603188.SH,20180104,16.78,16.94,16.63,16.8,16.8,0.0,0.0,41559.0,69567.254
189,603188.SH,20180105,16.77,16.85,16.65,16.73,16.8,-0.07,-0.42,22895.06,38355.58
188,603188.SH,20180108,16.7,16.98,16.62,16.94,16.73,0.21,1.26,38795.69,65402.741
187,603188.SH,20180109,16.8,16.85,16.62,16.65,16.94,-0.29,-1.71,33075.93,55214.769
186,603188.SH,20180110,16.68,16.69,16.38,16.46,16.65,-0.19,-1.14,33125.89,54743.933
185,603188.SH,20180111,16.41,16.67,16.35,16.64,16.46,0.18,1.09,26171.48,43275.091
184,603188.SH,20180112,16.49,16.61,16.2,16.25,16.64,-0.39,-2.34,41473.73,67893.093
183,603188.SH,20180115,16.33,16.35,16.18,16.27,16.25,0.02,0.12,25886.81,42105.774
182,603188.SH,20180116,16.14,16.32,16.02,16.15,16.27,-0.12,-0.74,38622.6,62418.478
181,603188.SH,20180117,16.16,16.44,16.09,16.33,16.15,0.18,1.11,40977.92,66589.527
180,603188.SH,20180118,16.33,16.73,16.17,16.71,16.33,0.38,2.33,54084.11,89102.237
179,603188.SH,20180119,16.7,16.7,16.38,16.45,16.71,-0.26,-1.56,40362.61,66771.93
178,603188.SH,20180122,16.85,16.86,16.55,16.68,16.45,0.23,1.4,50515.92,84488.925
177,603188.SH,20180123,16.58,16.69,16.32,16.38,16.68,-0.3,-1.8,61156.39,100617.98
176,603188.SH,20180124,16.36,16.43,16.16,16.39,16.38,0.01,0.06,53459.25,87287.375
175,603188.SH,20180125,16.43,16.51,16.27,16.32,16.39,-0.07,-0.43,46288.77,75914.694
174,603188.SH,20180126,16.28,16.37,16.2,16.34,16.32,0.02,0.12,30743.23,50048.389
173,603188.SH,20180129,16.28,16.28,15.48,15.5,16.34,-0.84,-5.14,86911.42,137729.215
172,603188.SH,20180130,15.57,15.78,15.5,15.69,15.5,0.19,1.23,55459.48,86678.553
171,603188.SH,20180131,15.57,15.6,15.2,15.3,15.69,-0.39,-2.49,42613.15,65307.665
170,603188.SH,20180201,15.15,15.45,14.32,14.49,15.3,-0.81,-5.29,65529.69,96772.005
169,603188.SH,20180202,14.4,14.45,13.95,14.13,14.49,-0.36,-2.48,67196.3,95198.767
168,603188.SH,20180205,13.87,14.34,13.73,14.13,14.13,0.0,0.0,64215.82,90023.692
167,603188.SH,20180206,13.9,13.99,13.05,13.09,14.13,-1.04,-7.36,82704.31,112676.261
166,603188.SH,20180207,13.34,13.48,12.8,13.13,13.09,0.04,0.31,75523.42,99098.765
165,603188.SH,20180208,13.14,13.34,13.06,13.2,13.13,0.07,0.53,63925.4,84302.786
164,603188.SH,20180209,12.9,13.03,12.66,12.85,13.2,-0.35,-2.65,54145.72,69646.923
163,603188.SH,20180212,12.93,13.2,12.89,13.13,12.85,0.28,2.18,43016.0,56251.372
162,603188.SH,20180213,13.2,13.58,13.17,13.28,13.13,0.15,1.14,52431.73,69901.344
161,603188.SH,20180214,13.3,13.33,13.02,13.12,13.28,-0.16,-1.2,31576.95,41418.36
160,603188.SH,20180222,13.23,13.93,13.15,13.77,13.12,0.65,4.95,78480.01,106452.481
159,603188.SH,20180223,13.6,13.76,13.55,13.66,13.77,-0.11,-0.8,40848.37,55803.294
158,603188.SH,20180226,13.66,13.95,13.56,13.85,13.66,0.19,1.39,54987.96,75594.332
157,603188.SH,20180227,13.9,14.09,13.82,13.84,13.85,-0.01,-0.07,40294.13,56035.673
156,603188.SH,20180228,13.78,14.03,13.64,13.88,13.84,0.04,0.29,46084.66,63843.297
155,603188.SH,20180301,13.99,14.78,13.88,14.38,13.88,0.5,3.6,114683.03,165732.479
154,603188.SH,20180302,14.2,14.61,14.16,14.38,14.38,0.0,0.0,69052.9,99110.986
153,603188.SH,20180305,14.48,14.48,13.96,14.08,14.38,-0.3,-2.09,55140.52,77929.021
152,603188.SH,20180306,14.11,14.34,13.96,14.33,14.08,0.25,1.78,52795.4,74760.571
151,603188.SH,20180307,14.27,14.33,14.0,14.03,14.33,-0.3,-2.09,43107.39,60937.297
150,603188.SH,20180308,14.05,14.17,14.03,14.1,14.03,0.07,0.5,32975.29,46464.718
149,603188.SH,20180309,14.07,14.3,14.04,14.26,14.1,0.16,1.13,48845.76,69248.069
148,603188.SH,20180312,14.3,14.56,14.25,14.53,14.26,0.27,1.89,58736.46,84890.9
147,603188.SH,20180313,14.57,14.69,14.35,14.37,14.53,-0.16,-1.1,51827.48,75189.537
146,603188.SH,20180314,14.32,14.4,14.12,14.15,14.37,-0.22,-1.53,41180.87,58696.927
145,603188.SH,20180315,14.13,14.18,13.78,13.92,14.15,-0.23,-1.63,50685.99,70855.886
144,603188.SH,20180316,13.94,13.99,13.77,13.81,13.92,-0.11,-0.79,39150.0,54291.782
143,603188.SH,20180319,13.87,13.93,13.73,13.84,13.81,0.03,0.22,24386.0,33779.388
142,603188.SH,20180320,13.77,13.89,13.6,13.87,13.84,0.03,0.22,36405.15,49848.809
141,603188.SH,20180321,13.84,14.06,13.67,13.7,13.87,-0.17,-1.23,59846.98,83243.982
140,603188.SH,20180322,13.77,13.86,13.53,13.56,13.7,-0.14,-1.02,44659.0,61004.226
139,603188.SH,20180323,13.18,13.25,12.43,12.59,13.56,-0.97,-7.15,85337.02,110150.31
138,603188.SH,20180326,12.58,12.82,12.37,12.81,12.59,0.22,1.75,45110.1,56907.842
137,603188.SH,20180327,13.01,13.15,12.93,13.09,12.81,0.28,2.19,43471.91,56765.037
136,603188.SH,20180328,12.9,13.06,12.88,12.96,13.09,-0.13,-0.99,31125.39,40357.7
135,603188.SH,20180329,13.06,13.29,12.97,13.24,12.96,0.28,2.16,44218.43,58279.334
134,603188.SH,20180330,13.35,13.4,13.19,13.26,13.24,0.02,0.15,36599.71,48592.548
133,603188.SH,20180402,13.29,13.47,13.16,13.19,13.26,-0.07,-0.53,40507.27,53959.437
132,603188.SH,20180403,13.05,13.05,12.89,13.0,13.19,-0.19,-1.44,39990.44,51840.591
131,603188.SH,20180404,13.03,13.46,13.03,13.26,13.0,0.26,2.0,60614.72,80649.077
130,603188.SH,20180409,13.29,13.34,13.03,13.21,13.26,-0.05,-0.38,27655.2,36539.514
129,603188.SH,20180410,13.27,13.45,13.17,13.36,13.21,0.15,1.14,43200.69,57576.37
128,603188.SH,20180411,13.52,13.58,13.28,13.34,13.36,-0.02,-0.15,53244.07,71425.133
127,603188.SH,20180412,13.32,13.44,13.22,13.42,13.34,0.08,0.6,38817.09,51798.944
126,603188.SH,20180413,13.46,13.47,13.15,13.15,13.42,-0.27,-2.01,39359.68,52297.324
125,603188.SH,20180416,13.17,13.25,12.97,13.01,13.15,-0.14,-1.06,34126.46,44620.075
124,603188.SH,20180417,13.05,13.13,12.7,12.71,13.01,-0.3,-2.31,34763.92,44879.42
123,603188.SH,20180418,12.84,12.95,12.6,12.9,12.71,0.19,1.49,39213.56,50188.539
122,603188.SH,20180419,12.83,13.06,12.77,12.99,12.9,0.09,0.7,33918.16,43946.319
121,603188.SH,20180420,12.9,12.99,12.66,12.72,12.99,-0.27,-2.08,32497.0,41505.548
120,603188.SH,20180423,12.15,12.19,11.45,11.55,12.72,-1.17,-9.2,124045.13,145524.29
119,603188.SH,20180424,11.55,11.63,11.02,11.56,11.55,0.01,0.09,69192.6,79389.239
118,603188.SH,20180425,11.48,11.66,11.34,11.64,11.56,0.08,0.69,43016.15,49657.119
117,603188.SH,20180426,11.62,11.75,11.26,11.33,11.64,-0.31,-2.66,43593.64,49774.577
116,603188.SH,20180427,11.35,11.45,11.27,11.34,11.33,0.01,0.09,26411.04,29998.924
115,603188.SH,20180611,10.31,10.8,10.31,10.53,11.34,-0.81,-7.14,110114.22,115994.6
114,603188.SH,20180612,10.47,10.58,10.35,10.49,10.53,-0.04,-0.38,48626.84,50903.386
113,603188.SH,20180613,10.49,10.73,10.43,10.53,10.49,0.04,0.38,40058.03,42370.79
112,603188.SH,20180614,10.49,10.54,10.31,10.35,10.53,-0.18,-1.71,34797.14,36247.099
111,603188.SH,20180615,10.36,10.46,9.76,9.82,10.35,-0.53,-5.12,69175.85,69318.796
110,603188.SH,20180619,9.8,9.82,8.84,9.06,9.82,-0.76,-7.74,74967.99,70101.645
109,603188.SH,20180620,9.01,9.42,9.01,9.34,9.06,0.28,3.09,37070.52,34171.649
108,603188.SH,20180621,9.32,9.4,9.07,9.13,9.34,-0.21,-2.25,34103.34,31486.181
107,603188.SH,20180622,9.11,9.75,9.02,9.52,9.13,0.39,4.27,41664.99,39429.373
106,603188.SH,20180625,9.55,9.57,9.37,9.41,9.52,-0.11,-1.16,22788.0,21591.351
105,603188.SH,20180626,9.37,9.57,9.23,9.5,9.41,0.09,0.96,24640.45,23215.919
104,603188.SH,20180627,9.42,9.51,9.37,9.46,9.45,0.01,0.11,19534.9,18433.896
103,603188.SH,20180628,9.46,9.6,9.27,9.28,9.46,-0.18,-1.9,23636.05,22362.323
102,603188.SH,20180629,9.57,10.21,9.57,10.2,9.28,0.92,9.91,101830.93,101718.469
101,603188.SH,20180702,10.01,10.15,9.76,9.86,10.2,-0.34,-3.33,63397.3,62992.397
100,603188.SH,20180703,9.87,9.98,9.72,9.96,9.86,0.1,1.01,45440.85,44855.795
99,603188.SH,20180704,10.0,10.0,9.69,9.72,9.96,-0.24,-2.41,30735.06,30135.178
98,603188.SH,20180705,9.75,9.88,9.66,9.69,9.72,-0.03,-0.31,30892.02,30126.377
97,603188.SH,20180706,9.62,9.86,9.21,9.68,9.69,-0.01,-0.1,51360.63,49521.735
96,603188.SH,20180709,9.67,10.29,9.63,10.2,9.68,0.52,5.37,49390.64,49058.112
95,603188.SH,20180710,10.07,10.16,9.98,10.09,10.2,-0.11,-1.08,41254.65,41556.924
94,603188.SH,20180711,9.98,9.98,9.67,9.83,10.09,-0.26,-2.58,40424.38,39612.846
93,603188.SH,20180712,9.77,10.11,9.75,10.06,9.83,0.23,2.34,45273.84,45266.724
92,603188.SH,20180713,10.07,10.14,9.97,10.07,10.06,0.01,0.1,38043.01,38232.732
91,603188.SH,20180716,10.08,10.22,10.05,10.2,10.07,0.13,1.29,40323.86,40863.492
90,603188.SH,20180717,10.22,10.54,10.17,10.38,10.2,0.18,1.76,60341.58,62669.938
89,603188.SH,20180718,10.38,10.46,10.18,10.21,10.38,-0.17,-1.64,57945.77,60060.761
88,603188.SH,20180719,10.2,10.24,9.9,10.08,10.21,-0.13,-1.27,37842.37,37982.112
87,603188.SH,20180720,10.03,10.6,9.99,10.57,10.08,0.49,4.8611,109231.87,113443.687
86,603188.SH,20180723,10.7,11.18,10.63,11.15,10.57,0.58,5.4872,147873.94,160583.932
85,603188.SH,20180724,10.99,11.32,10.88,11.14,11.15,-0.01,-0.0897,141877.86,158096.021
84,603188.SH,20180725,11.01,11.59,10.95,11.55,11.14,0.41,3.6804,131973.76,149487.778
83,603188.SH,20180726,11.67,11.97,11.33,11.62,11.55,0.07,0.6061,131136.96,152204.036
82,603188.SH,20180727,11.47,11.54,11.21,11.38,11.62,-0.24,-2.0654,71060.84,80901.675
81,603188.SH,20180730,11.38,11.5,10.93,11.06,11.38,-0.32,-2.812,89361.67,98898.684
80,603188.SH,20180731,10.98,11.11,10.72,11.04,11.06,-0.02,-0.1808,61615.73,67612.136
79,603188.SH,20180801,11.45,11.46,10.58,10.65,11.04,-0.39,-3.5326,144657.84,159254.594
78,603188.SH,20180802,10.6,11.06,10.4,10.71,10.65,0.06,0.5634,103885.77,111698.743
77,603188.SH,20180803,10.65,11.07,10.65,10.76,10.71,0.05,0.4669,76750.87,83496.453
76,603188.SH,20180806,10.76,10.79,10.21,10.42,10.76,-0.34,-3.1599,76234.41,79659.171
75,603188.SH,20180807,10.44,10.9,10.35,10.85,10.42,0.43,4.1267,64846.75,69310.077
74,603188.SH,20180808,10.85,11.1,10.63,10.75,10.85,-0.1,-0.9217,77774.22,84659.044
73,603188.SH,20180809,10.61,11.08,10.61,10.99,10.75,0.24,2.2326,78059.46,84916.8
72,603188.SH,20180810,10.92,11.65,10.78,11.51,10.99,0.52,4.7316,165884.09,187574.429
71,603188.SH,20180814,10.93,10.93,10.93,10.93,11.51,-0.58,-5.0391,298.0,325.714
70,603188.SH,20180815,10.38,10.38,10.38,10.38,10.93,-0.55,-5.032,1457.0,1512.366
69,603188.SH,20180816,9.86,9.86,9.86,9.86,10.38,-0.52,-5.0096,1328.0,1309.408
68,603188.SH,20180817,9.37,9.66,9.37,9.37,9.86,-0.49,-4.9696,205357.9,192647.935
67,603188.SH,20180820,9.14,9.24,8.9,8.9,9.37,-0.47,-5.016,135660.5,121784.632
66,603188.SH,20180821,8.94,9.23,8.85,9.14,8.9,0.24,2.6966,94850.88,85889.72
65,603188.SH,20180822,9.09,9.32,9.03,9.04,9.14,-0.1,-1.0941,73460.48,67323.532
64,603188.SH,20180823,9.03,9.17,9.0,9.07,9.04,0.03,0.3319,48714.64,44253.762
63,603188.SH,20180824,9.01,9.13,8.96,9.05,9.07,-0.02,-0.2205,29702.41,26936.001
62,603188.SH,20180827,9.04,9.07,8.6,8.63,9.05,-0.42,-4.6409,99239.15,86114.174
61,603188.SH,20180828,8.8,9.06,8.8,9.06,8.63,0.43,4.9826,32869.54,29474.538
60,603188.SH,20180829,9.51,9.51,9.28,9.51,9.06,0.45,4.9669,146457.66,138857.261
59,603188.SH,20180830,9.47,9.64,9.36,9.45,9.51,-0.06,-0.6309,75618.35,71791.814
58,603188.SH,20180831,9.42,9.53,9.31,9.44,9.45,-0.01,-0.1058,41462.13,39093.25
57,603188.SH,20180903,9.52,9.52,9.4,9.44,9.44,0.0,0.0,37526.0,35487.567
56,603188.SH,20180904,9.42,9.45,9.33,9.4,9.44,-0.04,-0.4237,38470.32,36169.647
55,603188.SH,20180905,9.43,9.87,9.41,9.52,9.4,0.12,1.2766,58439.0,56275.071
54,603188.SH,20180906,9.5,9.54,9.3,9.51,9.52,-0.01,-0.105,40834.26,38482.415
53,603188.SH,20180907,9.51,9.59,9.38,9.48,9.51,-0.03,-0.3155,34366.64,32607.377
52,603188.SH,20180910,9.49,9.49,9.1,9.1,9.48,-0.38,-4.0084,45350.94,41963.65
51,603188.SH,20180911,9.01,9.15,8.65,8.85,9.1,-0.25,-2.7473,58544.4,51696.283
50,603188.SH,20180912,8.69,8.88,8.41,8.6,8.85,-0.25,-2.8249,53428.24,46488.477
49,603188.SH,20180913,8.44,8.66,8.17,8.18,8.6,-0.42,-4.8837,128738.68,106176.413
48,603188.SH,20180914,8.11,8.21,7.9,7.95,8.18,-0.23,-2.8117,73024.0,58794.566
47,603188.SH,20180917,8.2,8.3,7.94,7.98,7.95,0.03,0.3774,37592.24,30323.798
46,603188.SH,20180918,7.98,8.23,7.9,8.19,7.98,0.21,2.6316,45618.74,36935.61
45,603188.SH,20180919,8.12,8.3,8.1,8.19,8.19,0.0,0.0,41000.53,33668.36
44,603188.SH,20180920,8.18,8.4,8.13,8.33,8.19,0.14,1.7094,32792.58,27017.362
43,603188.SH,20180921,8.27,8.69,8.26,8.63,8.33,0.3,3.6014,49778.44,42435.644
42,603188.SH,20180925,8.49,8.65,8.39,8.6,8.63,-0.03,-0.3476,37086.3,31501.838
41,603188.SH,20180926,8.59,8.64,8.46,8.5,8.6,-0.1,-1.1628,38481.21,32895.452
40,603188.SH,20180927,8.46,8.87,8.45,8.74,8.5,0.24,2.8235,61701.82,53625.813
39,603188.SH,20180928,8.81,9.17,8.7,9.15,8.74,0.41,4.6911,66021.09,59250.185
38,603188.SH,20181008,8.89,9.06,8.69,8.69,9.15,-0.46,-5.0273,66699.0,58978.05
37,603188.SH,20181009,8.61,8.7,8.33,8.51,8.69,-0.18,-2.0713,48302.06,41258.363
36,603188.SH,20181010,8.5,8.94,8.5,8.94,8.51,0.43,5.0529,51617.96,45266.394
35,603188.SH,20181011,8.83,9.24,8.58,8.65,8.94,-0.29,-3.2438,119526.98,106272.9
34,603188.SH,20181012,8.68,9.08,8.29,9.04,8.65,0.39,4.5087,98305.6,86789.935
33,603188.SH,20181015,9.26,9.3,8.68,8.9,9.04,-0.14,-1.5487,109432.1,98170.027
32,603188.SH,20181016,8.88,8.9,8.46,8.46,8.9,-0.44,-4.9438,50521.08,43533.841
31,603188.SH,20181017,8.51,8.61,8.04,8.04,8.46,-0.42,-4.9645,73441.0,59640.343
30,603188.SH,20181018,7.83,8.0,7.64,7.64,8.04,-0.4,-4.9751,62413.77,48008.963
29,603188.SH,20181019,7.32,7.87,7.26,7.8,7.64,0.16,2.0942,75158.73,56151.791
28,603188.SH,20181022,7.72,8.19,7.72,8.1,7.8,0.3,3.8462,79430.35,63847.186
27,603188.SH,20181023,8.08,8.09,7.8,7.87,8.1,-0.23,-2.8395,55186.29,43820.678
26,603188.SH,20181024,7.81,8.06,7.81,8.0,7.87,0.13,1.6518,29487.21,23478.02
25,603188.SH,20181025,7.68,7.97,7.68,7.87,8.0,-0.13,-1.625,34337.14,26815.58
24,603188.SH,20181026,8.07,8.26,8.05,8.22,7.87,0.35,4.4473,78652.12,64561.54
23,603188.SH,20181029,8.15,8.52,8.08,8.4,8.22,0.18,2.1898,47573.72,39473.664
22,603188.SH,20181030,8.38,8.51,8.26,8.39,8.4,-0.01,-0.119,40734.74,34155.959
21,603188.SH,20181031,8.4,8.73,8.35,8.64,8.39,0.25,2.9797,41382.04,35501.883
20,603188.SH,20181101,9.07,9.07,9.07,9.07,8.64,0.43,4.9769,5272.0,4781.704
19,603188.SH,20181102,9.52,9.52,9.06,9.26,9.07,0.19,2.0948,142773.2,133107.578
18,603188.SH,20181105,9.24,9.72,9.24,9.72,9.26,0.46,4.9676,124207.65,118128.811
17,603188.SH,20181107,9.41,10.1,9.28,9.3,9.72,-0.42,-4.321,220150.13,212209.627
16,603188.SH,20181108,9.27,9.38,8.87,8.99,9.3,-0.31,-3.3333,140273.57,127612.669
15,603188.SH,20181109,8.9,9.07,8.79,8.88,8.99,-0.11,-1.2236,70972.56,63313.811
14,603188.SH,20181112,8.88,9.15,8.78,9.02,8.88,0.14,1.5766,86858.57,78408.289
13,603188.SH,20181113,8.9,9.14,8.82,9.09,9.02,0.07,0.7761,78972.65,71368.784
12,603188.SH,20181114,9.02,9.02,8.82,8.87,9.09,-0.22,-2.4202,105476.59,93922.017
11,603188.SH,20181115,8.85,8.98,8.79,8.95,8.87,0.08,0.9019,72668.7,64832.328
10,603188.SH,20181116,8.97,9.14,8.93,9.1,8.95,0.15,1.676,104740.7,94902.141
9,603188.SH,20181119,9.06,9.09,8.9,8.95,9.1,-0.15,-1.6484,69607.66,62336.943
8,603188.SH,20181120,8.93,8.96,8.67,8.68,8.95,-0.27,-3.0168,65106.74,57489.001
7,603188.SH,20181121,8.48,8.63,8.43,8.58,8.68,-0.1,-1.1521,50713.0,43226.487
6,603188.SH,20181122,8.6,8.74,8.6,8.66,8.58,0.08,0.9324,35234.0,30549.387
5,603188.SH,20181123,8.68,8.68,8.15,8.16,8.66,-0.5,-5.7737,64232.52,53498.94
4,603188.SH,20181126,8.09,8.24,8.09,8.15,8.16,-0.01,-0.1225,26012.4,21253.227
3,603188.SH,20181127,8.21,8.29,8.14,8.17,8.15,0.02,0.2454,26488.4,21700.099
2,603188.SH,20181128,8.17,8.27,8.07,8.26,8.17,0.09,1.1016,27808.48,22785.743
1,603188.SH,20181129,8.28,8.37,8.14,8.14,8.26,-0.12,-1.4528,34592.48,28628.894
0,603188.SH,20181130,8.15,8.45,8.15,8.39,8.14,0.25,3.0713,44861.0,37342.95
19,603188.SH,20181203,8.54,8.71,8.54,8.63,8.39,0.24,2.8605,63243.48,54604.177
18,603188.SH,20181204,8.55,8.68,8.51,8.63,8.63,0.0,0.0,48374.74,41657.921
17,603188.SH,20181205,8.45,8.53,8.4,8.43,8.63,-0.2,-2.3175,42445.74,35854.054
16,603188.SH,20181206,8.37,8.72,8.21,8.55,8.43,0.12,1.4235,60363.04,50830.789
15,603188.SH,20181207,8.47,8.55,8.43,8.51,8.55,-0.04,-0.4678,30154.0,25578.193
14,603188.SH,20181210,8.51,8.66,8.33,8.53,8.51,0.02,0.235,52990.13,45050.634
13,603188.SH,20181211,8.5,8.54,8.11,8.25,8.53,-0.28,-3.2825,55352.46,45788.595
12,603188.SH,20181212,8.26,8.3,8.18,8.2,8.25,-0.05,-0.6061,23282.0,19161.886
11,603188.SH,20181213,8.2,8.32,8.17,8.18,8.2,-0.02,-0.2439,55174.0,45474.857
10,603188.SH,20181214,8.17,8.18,7.86,7.95,8.18,-0.23,-2.8117,73338.18,58619.635
9,603188.SH,20181217,7.93,7.93,7.69,7.77,7.95,-0.18,-2.2642,39529.35,30802.186
8,603188.SH,20181218,7.73,7.8,7.65,7.71,7.77,-0.06,-0.7722,27112.01,20915.998
7,603188.SH,20181219,7.76,7.76,7.53,7.57,7.71,-0.14,-1.8158,36960.68,28191.912
6,603188.SH,20181220,7.55,7.67,7.53,7.61,7.57,0.04,0.5284,28559.48,21740.402
5,603188.SH,20181221,7.62,7.65,7.55,7.61,7.61,0.0,0.0,23470.8,17846.37
4,603188.SH,20181224,7.6,7.65,7.53,7.63,7.61,0.02,0.2628,13815.0,10510.222
3,603188.SH,20181225,7.55,7.56,7.32,7.5,7.63,-0.13,-1.7038,26856.28,19985.588
2,603188.SH,20181226,7.5,7.59,7.46,7.47,7.5,-0.03,-0.4,15231.0,11436.231
1,603188.SH,20181227,7.62,7.63,7.34,7.35,7.47,-0.12,-1.6064,21317.96,16014.771
0,603188.SH,20181228,7.35,7.43,7.33,7.36,7.35,0.01,0.1361,16556.0,12198.451
